,bunching,ploss,qloss,reward,reward1,reward2,avg_hold,action,wait,travel,delay,AOD,distilled,teachers,policy_noise,headway_mean54009,headway_mean54339,headway_mean54329,headway_mean54319,headway_mean54101,headway_mean66091,headway_mean66031,headway_mean66041,headway_mean66051,headway_mean66379,headway_mean66359,headway_mean62141,headway_mean62059,headway_mean62049,headway_mean62039,headway_mean62029,headway_mean62019,headway_mean70309,headway_mean70299,headway_mean70289,headway_mean70279,headway_mean70269,headway_mean71161,headway_mean71151,headway_mean71141,headway_mean71121,headway_mean71131,headway_mean71091,headway_mean72021,headway_mean72061,headway_mean72071,headway_mean84499,headway_mean84489,headway_mean84461,headway_mean84471,headway_mean84621,headway_mean84611,headway_mean84631,headway_mean84601,headway_mean75341,headway_mean75061,headway_mean76289,headway_mean76129,headway_mean76119,headway_mean76051,headway_mean75009,headway_var54009,headway_var54339,headway_var54329,headway_var54319,headway_var54101,headway_var66091,headway_var66031,headway_var66041,headway_var66051,headway_var66379,headway_var66359,headway_var62141,headway_var62059,headway_var62049,headway_var62039,headway_var62029,headway_var62019,headway_var70309,headway_var70299,headway_var70289,headway_var70279,headway_var70269,headway_var71161,headway_var71151,headway_var71141,headway_var71121,headway_var71131,headway_var71091,headway_var72021,headway_var72061,headway_var72071,headway_var84499,headway_var84489,headway_var84461,headway_var84471,headway_var84621,headway_var84611,headway_var84631,headway_var84601,headway_var75341,headway_var75061,headway_var76289,headway_var76129,headway_var76119,headway_var76051,headway_var75009
0,92,1.20152587890625,1.5051517874002456,-1.0112278837357258,-0.8518825198000703,-0.15934536393565543,45.71364705322152,0.7947544236778316,639.1582059800664,1662.9962126245848,1292.981196013289,13.15636714644509,False,5,0.29969999999999997,874.551724137931,877.5,877.8103448275862,879.0344827586207,879.3448275862069,880.551724137931,881.7413793103449,882.948275862069,884.6206896551724,885.7413793103449,887.0172413793103,888.2931034482758,889.2931034482758,890.0172413793103,891.3103448275862,892.2068965517242,893.7241379310345,894.9655172413793,895.9827586206897,896.0344827586207,896.8793103448276,897.8620689655172,898.7931034482758,900.3275862068965,901.5689655172414,902.5172413793103,903.2931034482758,904.3103448275862,905.5344827586207,906.2241379310345,907.1551724137931,908.4827586206897,908.3448275862069,909.0,909.9827586206897,910.2413793103449,910.7241379310345,912.0172413793103,913.448275862069,914.2241379310345,915.3275862068965,916.8448275862069,916.3103448275862,917.0689655172414,917.7758620689655,918.8965517241379,91471.86801426871,117780.45689655172,119838.56747919145,117252.34363852556,122360.43281807374,131661.661117717,135514.91587395957,141704.98008323426,146611.09750297267,155599.26070154578,160118.56866825212,181993.03478002382,191714.82788347205,199588.01694411415,203281.35196195007,209728.75029726516,217386.47562425688,229459.30915576694,230188.67211652792,232750.3781212842,239923.86474435197,247833.3602853746,247000.81926278237,249295.70303210465,256394.79696789535,258305.6290130797,268891.5175386445,285561.80023781216,289894.0763971463,300423.3118311534,311669.6138525564,325042.594530321,350170.9845422116,359348.275862069,366750.5341854935,389174.2175980975,407198.6825208086,411385.3617717004,427342.7645659929,444369.1739001189,466397.28923900117,495462.92419738404,500052.11058263975,524583.7883472057,535314.4152794292,568589.1617122473
0,982,1.6783510833978652,1.146341247856617,-1.490440066301317,-1.4079236632271428,-0.0825164030741742,22.947625423009534,0.4099472566732969,678.388761377127,1510.793510091017,1100.7981796596755,15.93074603102356,False,5,0.29940029999999995,874.551724137931,876.4827586206897,877.5344827586207,878.2931034482758,879.1034482758621,881.448275862069,882.6206896551724,883.4827586206897,883.8793103448276,883.8793103448276,884.6896551724138,885.6034482758621,887.1034482758621,888.4827586206897,889.4827586206897,890.7068965517242,891.551724137931,892.1379310344828,893.1206896551724,894.1551724137931,895.1034482758621,896.1034482758621,896.6206896551724,897.5862068965517,898.6034482758621,899.7068965517242,900.0689655172414,901.3620689655172,902.5689655172414,903.5689655172414,904.1896551724138,904.9827586206897,906.6724137931035,907.6724137931035,907.948275862069,908.1724137931035,908.7586206896551,909.7931034482758,911.0862068965517,911.9655172413793,912.5862068965517,913.6896551724138,913.4655172413793,914.1379310344828,914.8448275862069,915.7586206896551,91471.86801426871,112873.93935790725,110681.62812128419,109525.93133174792,123541.78240190248,137722.90249702736,146264.71819262783,161079.87039239,165086.69233055884,181463.31302021403,197557.83472057077,225328.5841260404,237650.57550535077,259486.87039239,264975.6979785969,283087.4485731272,290566.3162901308,307917.53269916767,316043.7612960761,330302.9586801427,355960.920332937,370929.9548156956,387448.06302021403,401689.41498216416,408991.03240190254,421136.1727110583,434581.4090368609,455147.81718192634,473640.86593341257,499097.62455410225,527540.8088585017,548951.12039239,581359.7030321046,594227.2892390012,605229.5318073722,637361.521997622,648833.5624256837,651302.4399524375,655123.4580856124,665372.5505350773,689642.966706302,691010.4554102259,715744.2832936981,742421.0154577882,750048.648335315,771147.3210463733
0,941,2.2394894659519196,0.8237711936235428,-1.5936699109835615,-1.538496346713936,-0.05517356426962528,14.84470884141591,0.2732302932255448,708.2509345034942,1457.6087274500244,1075.0928815212092,16.7157336689099,False,5,0.2991008997,874.551724137931,875.948275862069,875.7413793103449,875.2241379310345,873.9827586206897,873.4310344827586,873.3448275862069,873.0689655172414,872.6034482758621,871.7068965517242,871.5172413793103,871.3965517241379,870.9137931034483,870.2931034482758,870.1034482758621,869.5,869.8275862068965,869.8620689655172,869.551724137931,869.3620689655172,869.0,868.8103448275862,868.5689655172414,867.9827586206897,867.6379310344828,867.4137931034483,867.6379310344828,867.1551724137931,867.1724137931035,866.448275862069,866.7241379310345,865.7068965517242,864.5,864.051724137931,863.7758620689655,863.3448275862069,862.7586206896551,863.0689655172414,863.4137931034483,863.2586206896551,862.8275862068965,862.051724137931,861.3965517241379,861.3965517241379,861.5689655172414,861.0862068965517,91471.86801426871,107611.77318668253,112945.50208085611,116367.20838287752,126686.6031510107,142925.3831747919,148247.46730083236,153585.5124851367,159505.9289536266,183758.06926278237,196573.2152199762,227406.20481569567,234515.59601664686,254774.4140903686,265239.50653983356,278716.974137931,283886.28061831155,298895.9120095124,306325.6611177169,319312.74821640906,335962.9310344828,352217.2226516053,368954.5211058264,386106.7410820451,396808.5068370986,414601.242568371,429073.3344233056,466680.5104042807,482913.6254458978,522993.59215219977,545129.1307966707,566945.0002972652,621627.4913793104,645248.5662901307,652869.3118311532,699709.4328180737,723001.2520808562,721452.3400713437,726328.8977407847,734183.5020808562,749425.8323424493,751101.3593935791,757391.6530915577,787522.722057075,795953.3142092747,808168.6994649229
0,962,2.2424404859542846,0.7288016468286515,-1.2907473437508223,-1.2403313616817497,-0.05041598206907253,13.456910769274236,0.24999825401114423,599.4705298951544,1365.1066874468688,869.5967696231227,11.538702429196837,False,5,0.2988017988003,874.551724137931,874.9137931034483,874.051724137931,873.7758620689655,872.9655172413793,872.2413793103449,871.4137931034483,871.0344827586207,870.7931034482758,869.6551724137931,869.0689655172414,868.6551724137931,868.0689655172414,867.551724137931,867.5862068965517,866.9655172413793,866.5344827586207,866.0,865.5862068965517,865.6551724137931,865.3793103448276,864.8275862068965,864.448275862069,864.0689655172414,864.0344827586207,864.3793103448276,863.8965517241379,863.2068965517242,863.0172413793103,862.551724137931,862.3275862068965,861.4310344827586,860.4827586206897,859.8275862068965,859.2586206896551,858.448275862069,857.6896551724138,858.2241379310345,858.2068965517242,857.5344827586207,856.948275862069,855.948275862069,855.4137931034483,855.1724137931035,854.7931034482758,854.1724137931035,91471.86801426871,101043.42360285374,104755.3938763377,108665.38079667062,116493.65398335317,128058.18311533889,138591.07015457787,144896.51605231868,156249.09512485136,176366.57074910824,188627.9607609988,210621.26040428065,228718.0642092747,244109.4887039239,252752.24256837097,266333.3436385255,273207.6281212842,282759.1724137931,285682.3115338883,296928.95005945297,308086.68370986916,317442.14268727705,322041.38525564806,336192.6848989298,342997.8608799049,348823.0975029727,357930.8168846611,383757.5778834721,401563.77556480386,416371.0749108204,432889.9788941736,455499.3142092747,490316.5255648038,507670.93579072546,525947.605529132,556384.8680142688,579915.8692033293,584694.9325208085,591316.1640903687,605027.1798454222,633487.6007728894,657563.1180142687,692018.0011890605,718933.1771700358,728934.2675386445,759864.0047562425
0,1423,2.4774383664131165,0.6257953435182572,-1.4488859837968795,-1.3974264190043972,-0.05145956479248258,13.80823687095404,0.2547518800766527,694.9733416858078,1480.5138859887243,1081.4527041135937,14.545854055747537,False,5,0.2985029970014997,874.551724137931,876.0689655172414,876.5172413793103,876.1724137931035,876.0862068965517,876.0862068965517,875.7413793103449,876.051724137931,875.7931034482758,875.7931034482758,875.6206896551724,875.3793103448276,875.2413793103449,874.8620689655172,874.7758620689655,874.6206896551724,874.7413793103449,874.5689655172414,874.5,874.1551724137931,874.3965517241379,874.5344827586207,874.7586206896551,875.0172413793103,874.8965517241379,874.6896551724138,875.1034482758621,875.0689655172414,875.2413793103449,874.948275862069,874.7241379310345,874.4137931034483,874.0862068965517,874.0344827586207,874.3448275862069,873.948275862069,873.948275862069,874.4827586206897,875.0,875.7931034482758,876.6034482758621,877.2931034482758,876.8793103448276,877.1206896551724,877.1724137931035,877.7241379310345,91471.86801426871,113431.51248513673,114233.6634958383,115746.41854934602,121951.42360285374,128554.45808561236,133712.05380499407,139629.39387633768,150656.40546967892,167746.64684898927,180955.54577883476,208324.71819262786,223764.3210463734,244245.8430439952,254415.82907253268,272786.23543400713,279034.74346016644,292261.1417954815,295535.1465517241,313015.9241973841,330669.1703329369,345200.8005350773,353008.1831153389,365959.29280618316,375369.9892984542,392858.86920332944,403750.92033293704,436564.8573127229,455241.7003567182,486524.2214625446,510318.820451843,523366.38049940544,560899.2856718192,584811.1712247324,590021.501783591,644606.7042211654,658237.8766349583,657266.042806183,657175.8620689656,668799.4744351961,694341.9289536265,707037.7589179549,709560.3475029728,738213.2785374555,742307.9013079667,772265.0618311535
0,1466,2.689760708808899,0.4758386179804802,-1.5688845452846805,-1.5068034252869795,-0.06208111999770109,16.909251976455486,0.3064130256488492,646.856547960942,1495.716829408386,964.665422171166,14.615428996700295,False,5,0.29820449400449817,874.551724137931,874.6724137931035,874.9655172413793,874.7241379310345,874.2413793103449,873.6034482758621,873.6206896551724,873.1034482758621,872.5172413793103,871.9310344827586,871.8275862068965,871.6896551724138,871.3275862068965,870.9137931034483,870.6724137931035,870.1206896551724,869.8793103448276,869.6206896551724,869.7758620689655,869.3448275862069,869.1379310344828,868.948275862069,869.1379310344828,869.551724137931,869.2931034482758,869.2931034482758,869.5344827586207,869.2586206896551,869.7413793103449,869.4310344827586,869.2068965517242,868.9827586206897,868.3275862068965,867.8793103448276,867.448275862069,867.2413793103449,867.051724137931,867.7241379310345,867.9827586206897,868.3275862068965,868.5172413793103,868.1034482758621,867.9827586206897,868.2758620689655,868.5862068965517,868.3103448275862,91471.86801426871,101757.84096313911,102658.37812128419,106312.51010701546,112206.25208085614,132251.30826397144,147201.99405469678,166884.47205707492,180812.66349583832,205480.75386444706,222244.10820451842,253071.04161712245,274354.84096313914,300930.8718787158,314272.4616527942,340433.6923305589,352344.1750891795,370427.0975029726,379354.58769322233,401875.98454221163,427390.4292508918,442403.39387633774,459274.1533888228,482578.69560047553,495994.3451248514,507969.103745541,508792.04191438755,537383.7434601664,557170.7434601664,580101.5900713437,599510.3365041617,618696.3617717002,655594.9099286563,672881.7268133175,681966.7990487516,721714.7003567183,740062.0490487514,716334.5445897741,704112.6721165279,709093.5306183115,714999.4221165279,733101.1617122474,742320.3617717002,759769.5445897741,759563.8632580263,778977.1795481569
0,704,2.8259188890457154,0.4984527170658112,-1.5021727359972774,-1.4383967587754571,-0.06377597722181999,17.440483878837703,0.31485877891495734,621.1087226640159,1411.3303926441351,958.4980119284294,13.897940915641705,False,5,0.2979062895104937,874.551724137931,875.7586206896551,876.5344827586207,876.7758620689655,877.5344827586207,878.7758620689655,880.0344827586207,880.5862068965517,881.2931034482758,881.6896551724138,882.2068965517242,882.7068965517242,883.1724137931035,883.6206896551724,883.948275862069,884.3793103448276,884.5862068965517,884.9137931034483,885.3965517241379,886.2931034482758,887.4655172413793,888.5689655172414,889.7758620689655,891.2931034482758,892.5862068965517,893.2586206896551,894.0344827586207,895.1896551724138,896.5,897.1034482758621,897.4310344827586,898.1034482758621,899.2931034482758,899.8103448275862,900.3275862068965,901.0,901.4310344827586,902.0,902.9655172413793,903.5,904.6206896551724,906.3965517241379,906.5172413793103,907.7413793103449,908.1206896551724,909.3103448275862,91471.86801426871,104527.80380499405,106672.97294887037,109049.55321046372,118707.11087990488,135070.07045184303,141830.92984542213,150633.86325802616,163401.34512485133,182462.45541022593,196344.64684898933,218874.13822829965,232246.72889417358,250315.64922711055,258038.94560047562,269791.68370986916,275404.38049940544,287573.2511890606,292599.17033293704,313448.20719381684,332165.2143281808,347134.5900713436,364609.6566587396,385733.1382282997,399754.38049940555,411633.70897740783,428559.10225921514,453739.7054102259,480115.525862069,499295.368608799,524092.0728299644,553502.2651605231,590668.7244351963,606532.6019619502,625785.2202734838,653323.1034482758,671303.8659334126,651565.2413793104,640379.585017836,629379.4568965518,617356.4423305588,621973.6186087991,631656.5600475624,641460.7434601663,642951.3130202137,657844.5243757431
0,440,2.926049542427063,0.44429115355014803,-1.146830295010812,-1.0829873297883648,-0.063842965222447,17.35826572785713,0.31451993852024185,577.1560274504726,1452.2647934740387,916.1863265570374,12.114598521470404,False,5,0.2976083832209832,874.551724137931,875.5689655172414,876.2068965517242,876.4310344827586,876.6206896551724,877.3103448275862,877.7413793103449,878.2931034482758,878.5172413793103,878.3965517241379,878.7931034482758,878.8620689655172,879.1724137931035,879.1034482758621,879.5862068965517,879.6206896551724,879.9137931034483,880.1034482758621,880.2413793103449,880.8275862068965,881.5689655172414,882.7241379310345,884.0689655172414,884.6206896551724,885.4655172413793,886.7413793103449,888.0,889.1206896551724,889.5344827586207,890.0172413793103,890.3620689655172,890.7413793103449,891.2413793103449,891.448275862069,891.8620689655172,892.2413793103449,892.5172413793103,893.0689655172414,894.0689655172414,894.2241379310345,894.7758620689655,895.4310344827586,895.6034482758621,895.7758620689655,896.2758620689655,896.6379310344828,91471.86801426871,98906.31420927469,100589.12960761,100939.24524375745,105667.68370986919,110020.97265160522,111953.2607015458,118275.44857312724,126033.80142687277,139805.79102259217,149127.26753864446,169486.11890606422,177783.7288941736,192253.29964328182,200264.6908442331,214808.75267538647,225736.42360285373,230115.4375743163,235925.90725326992,253659.21165279427,275000.69351961947,285914.7170035672,303082.7538644471,318659.16646848986,337206.04191438766,357244.9503567182,374652.4482758621,396402.0026753864,425673.97294887033,438120.74108204513,453645.3689060642,468242.53656361473,493232.4934601665,506920.1093935791,516412.5671819264,541366.7348394769,552623.4910820452,520773.2366230678,498771.4780023782,475334.62217598094,465955.5876932224,455042.5900713437,463351.8599881094,467405.82907253265,468649.40665873955,475794.12752675393
0,780,2.8839414358139037,0.4114452600479126,-1.3139805105182847,-1.258559977233046,-0.05542053328523858,14.91390016342061,0.2728294230427336,661.5151008115117,1470.3138124320255,1038.594746088848,16.464330237129676,False,5,0.29731077483776225,874.551724137931,876.4310344827586,877.1379310344828,877.5172413793103,878.551724137931,880.2586206896551,881.2068965517242,882.0172413793103,882.551724137931,882.7241379310345,883.2068965517242,883.7586206896551,884.4310344827586,885.1206896551724,886.1724137931035,886.7413793103449,887.0,887.2758620689655,887.7068965517242,888.2586206896551,889.3275862068965,890.551724137931,891.8275862068965,893.1896551724138,894.448275862069,895.4310344827586,896.9310344827586,898.8793103448276,900.2241379310345,901.3103448275862,901.6206896551724,902.4655172413793,903.1896551724138,903.7758620689655,904.448275862069,904.9655172413793,905.551724137931,905.8275862068965,906.8620689655172,907.3965517241379,907.948275862069,909.0689655172414,909.2068965517242,909.8103448275862,910.2068965517242,911.1724137931035,91471.86801426871,111032.14179548158,114453.01545778834,117511.18073721758,128455.69560047562,136911.01932223543,145031.33650416168,154497.43073721763,167055.00594530322,186757.13079667062,201250.68133174788,236572.52794292508,250628.86593341263,270059.14060642093,278448.694411415,293822.7779429251,303566.0689655172,313149.6825208086,319561.58650416177,338844.12277051125,368937.77199762187,389182.2818073721,414824.65992865636,443842.60196195,471981.5921521998,496996.3142092747,523074.1676575505,572473.6233650417,604356.2773483947,644107.6967895364,666687.5802615932,696353.1108799048,753045.1536860879,775109.4497621879,789382.1438763378,846198.1022592152,870023.5231866825,847222.2461355529,840141.498216409,836874.7220570751,859025.5318073721,857250.9607609988,870843.3020214031,903571.0847205708,909163.2675386445,918189.7633769325
0,1029,3.195054292678833,0.4854483351111412,-1.5635870092541917,-1.5161659555949836,-0.047421053659208,12.645267952325662,0.23494357751931247,710.1190349341655,1418.8670370652258,1086.1782479640765,15.331039184533541,False,5,0.2970134640629245,874.551724137931,876.3275862068965,876.2068965517242,875.8620689655172,875.3103448275862,875.4827586206897,875.3275862068965,875.1206896551724,874.948275862069,873.8620689655172,873.6206896551724,873.8103448275862,874.0,873.4655172413793,873.3965517241379,873.2068965517242,873.0862068965517,873.1551724137931,873.0172413793103,873.3793103448276,873.8965517241379,874.7068965517242,875.1379310344828,875.551724137931,876.2068965517242,876.8275862068965,877.6724137931035,878.3620689655172,878.1206896551724,878.3448275862069,878.1896551724138,878.4310344827586,878.051724137931,877.8793103448276,877.6724137931035,877.1034482758621,877.3103448275862,877.5862068965517,878.4137931034483,878.6724137931035,879.4827586206897,880.6896551724138,880.1206896551724,880.5,881.3965517241379,882.3275862068965,91471.86801426871,109629.53061831155,113321.88822829966,115623.56718192628,124735.2485136742,129925.21521997622,135339.15130796673,143368.24405469678,152576.63525564806,170288.25683709868,181518.61474435191,212186.5674791914,221789.10344827586,240342.66260404277,247570.4117122473,263299.0606420927,271663.0787752676,282070.23454221163,289749.98246135557,312651.85612366226,343936.4375743163,366647.7934007135,378862.4982164091,400379.0404280618,413836.6813317479,441286.5564803805,454005.08234244946,489697.33442330564,533132.8992271106,554182.501783591,583413.6709274673,616668.2107609988,649623.9111177169,672132.8647443521,681554.0823424495,731480.4375743163,755945.8692033294,755176.2770511297,761529.2770511295,774955.2547562425,795144.5255648037,818167.5243757431,826208.5543995242,860797.0431034482,869768.4806777647,892999.9099286562
0,2339,3.514165961742401,0.5555682078003883,-1.9513622685281746,-1.902942876608552,-0.04841939191962269,12.90592277577395,0.23916937863558743,695.0312459315194,1502.3088139565161,1017.3974742872022,16.248022618258954,False,5,0.2967164505988616,874.551724137931,876.3103448275862,877.1724137931035,877.7586206896551,878.9827586206897,881.2586206896551,881.9310344827586,882.8620689655172,883.6551724137931,884.1896551724138,884.5344827586207,885.051724137931,885.8793103448276,886.6724137931035,886.948275862069,887.5172413793103,888.2931034482758,888.6896551724138,889.0172413793103,890.0,891.3620689655172,892.0862068965517,893.2931034482758,894.3275862068965,895.8793103448276,896.7931034482758,898.0689655172414,899.1724137931035,899.9827586206897,900.6551724137931,901.6206896551724,902.948275862069,903.948275862069,904.8275862068965,905.4827586206897,906.051724137931,906.8620689655172,907.4137931034483,907.7586206896551,908.448275862069,909.1724137931035,910.2931034482758,910.9655172413793,911.6379310344828,912.1206896551724,913.1206896551724,91471.86801426871,100879.35196195004,103313.48751486326,106474.87277051128,118701.0859096314,139968.26070154578,156839.02972651608,174836.9464922711,188719.53626634958,216423.84334126042,236609.07639714621,273203.7731866825,296155.55439952435,327928.668549346,341720.2214625446,366563.66349583823,379785.7589179548,395148.4554102259,409065.1893579073,435433.7586206897,469928.6792508917,497273.4236028538,512362.24167657545,533869.4271700357,564641.5888822831,585161.6813317479,615759.4090368609,671724.4875148633,718527.0169441141,757468.0879904876,781849.1664684898,822903.462841855,879612.7387039239,900025.1082045184,914058.215219976,967488.6697384067,989306.4637336504,999275.5873959572,1013661.079667063,1028742.3852556482,1065957.246135553,1101286.276159334,1152580.1367419737,1208821.7137336505,1228225.8647443517,1258100.1750891795
0,1036,3.732487654685974,0.6003896251320839,-1.4513738787413202,-1.4000822110280335,-0.05129166771328684,13.73047595933316,0.2533837532926642,633.9650609574784,1417.894885518882,921.7714837942314,12.053010025580567,False,5,0.2964197341482627,874.551724137931,876.1206896551724,876.6724137931035,876.9655172413793,877.6724137931035,879.0689655172414,880.2586206896551,881.4827586206897,881.9827586206897,882.4827586206897,882.8793103448276,883.5344827586207,884.2413793103449,884.8793103448276,885.1724137931035,885.7068965517242,886.0344827586207,886.8793103448276,887.1724137931035,888.7068965517242,890.3103448275862,891.948275862069,892.8448275862069,893.8103448275862,894.6034482758621,895.2068965517242,895.8275862068965,897.3793103448276,898.8103448275862,899.6034482758621,900.1206896551724,900.9655172413793,902.0344827586207,903.2758620689655,903.9310344827586,904.3275862068965,905.0344827586207,905.7586206896551,906.4137931034483,906.9655172413793,907.5689655172414,908.948275862069,909.1379310344828,909.4827586206897,909.9137931034483,910.8275862068965,91471.86801426871,105059.58888228299,108521.22027348397,114307.30915576694,127222.15130796672,147728.9952437574,164823.7089774078,178995.73246135557,190616.70659928655,210679.66349583826,225522.14060642093,253981.0419143876,272626.83828775265,292866.0026753865,301429.2806183115,322473.1382282997,329847.8263971463,342209.5888822831,348651.5564803805,367867.41409036855,387389.903686088,403123.738703924,410973.23454221163,430202.0157550536,447733.41171224735,470225.7158145065,487561.590963139,515224.40784780035,537415.257134364,543470.9289536267,545924.5199167657,562121.8608799048,586848.6884661118,592214.5101070155,593466.3400713436,604119.7375148633,614209.9643281808,620874.252080856,629788.8632580262,644725.8608799047,665642.831450654,687176.3938763377,720592.5326991677,754314.6979785969,770102.2511890605,810929.9357907253
0,663,3.677552342414856,0.5938943371176719,-1.1055699114111865,-1.0552505403552126,-0.05031937105597392,13.491110777091036,0.24981400625131356,590.5222168206126,1388.094992707827,910.8692270296548,13.88588927912911,False,5,0.29612331441411444,874.551724137931,875.2413793103449,874.6206896551724,874.0172413793103,873.2758620689655,872.2413793103449,871.6724137931035,871.1034482758621,870.7758620689655,870.0172413793103,869.9655172413793,869.7931034482758,869.3793103448276,868.8793103448276,868.8275862068965,868.6896551724138,868.9310344827586,868.9137931034483,868.5862068965517,868.8448275862069,868.5172413793103,868.6034482758621,868.551724137931,868.7586206896551,869.1034482758621,869.3275862068965,870.0344827586207,869.7586206896551,870.1206896551724,869.5862068965517,869.3793103448276,868.9827586206897,868.3448275862069,867.8793103448276,867.6896551724138,866.9827586206897,866.5862068965517,866.7068965517242,866.4655172413793,866.3793103448276,865.8965517241379,865.1034482758621,864.5172413793103,863.9827586206897,863.7413793103449,863.051724137931,91471.86801426871,108502.5279429251,108202.8216409037,111558.12039239,118601.40665873961,122297.14863258025,126061.01337693221,131405.92033293698,139752.07045184303,154227.9479785969,162979.55053507726,181749.1985731272,191077.2009512485,206281.48543400716,214866.694411415,228173.5933412604,238330.13317479193,243617.7339476813,243201.65636147445,254342.33799048752,262644.1117717004,271812.4806777646,278023.2473246135,288606.66587395954,297232.95481569564,303228.8064803805,313259.13674197387,330110.7348394768,345950.76129607606,354680.27705112967,366605.4423305589,368776.8790130796,391541.1569560047,388943.0026753865,383360.3174791914,411886.6376337693,415819.8977407848,411858.0347800238,409340.8350178359,415055.40784780023,433348.85136741976,446168.8513674197,474939.87039239006,499475.1548751486,508516.32966706296,527386.9456004757
0,511,3.5706475138664246,0.5066538885235786,-1.1833367839520725,-1.1310184344769,-0.052318349475172346,14.066755807143448,0.25900916185288186,620.3534833288154,1421.9233758019336,953.0575585072738,14.69358701003614,False,5,0.29582719109970035,874.551724137931,876.3275862068965,876.8793103448276,877.1896551724138,878.2931034482758,879.7758620689655,880.5689655172414,881.2241379310345,881.9655172413793,882.2586206896551,882.6551724137931,883.1206896551724,883.3793103448276,883.8793103448276,884.1034482758621,884.7413793103449,885.1551724137931,885.6724137931035,885.948275862069,886.3793103448276,887.448275862069,888.1034482758621,888.9310344827586,889.9655172413793,890.7931034482758,891.9310344827586,892.8448275862069,894.2413793103449,894.7413793103449,895.448275862069,895.5689655172414,896.8620689655172,897.9137931034483,898.6206896551724,899.2068965517242,899.2758620689655,900.0172413793103,900.2931034482758,900.5344827586207,901.1724137931035,901.8793103448276,902.7758620689655,903.2758620689655,903.4827586206897,903.8448275862069,904.6896551724138,91471.86801426871,102817.1513079667,103712.4164684899,104250.8433412604,111714.58650416169,117680.44976218788,124064.1762782402,130266.58769322235,137916.79191438764,152477.19173602853,166496.74316290132,191799.79577883476,203343.8561236623,223786.86474435194,231541.50653983353,248605.70897740783,255943.40695600474,267347.59958382876,276527.04904875153,291343.68370986916,310684.8680142687,321319.4720570749,331782.1676575505,343681.6195005946,353565.3365041617,363608.6504161712,371622.1655766944,398383.8038049941,419674.9848394769,437920.48870392394,452657.03834720573,472728.5326991676,515970.4236028537,520893.338882283,531935.6468489893,560209.4411414982,577662.4997027349,575997.3106420927,571332.559155767,575730.9702734839,596611.5888822831,611044.3118311532,649504.0963139117,678354.9738406659,693314.2000594529,723524.7312722948
0,1043,3.859324097633362,0.5065939366817475,-1.737243349305279,-1.6815152513239042,-0.05572809798137495,15.016425873377957,0.275064713283373,733.5784695201038,1527.285430177259,1090.959878945093,18.778340109629656,False,5,0.29553136390860063,874.551724137931,875.551724137931,875.5172413793103,875.3620689655172,875.1724137931035,875.2068965517242,875.2068965517242,875.1724137931035,874.9655172413793,874.9827586206897,874.8620689655172,874.8448275862069,874.7586206896551,874.6724137931035,874.7068965517242,874.5172413793103,874.551724137931,875.1896551724138,875.2241379310345,875.3275862068965,875.7241379310345,876.1379310344828,876.1724137931035,876.6724137931035,876.8793103448276,877.3275862068965,878.051724137931,877.8620689655172,877.6206896551724,877.3793103448276,877.448275862069,877.4827586206897,877.3275862068965,877.2758620689655,877.4655172413793,877.4827586206897,877.551724137931,878.6551724137931,879.1206896551724,879.0344827586207,880.1034482758621,880.7241379310345,881.1724137931035,881.6379310344828,882.4137931034483,883.6379310344828,91471.86801426871,117272.52318668253,127564.31866825208,138532.47235434008,165075.79785969085,192580.95719381692,209654.853745541,236855.93579072534,256602.48156956,296693.4652199762,329021.60166468483,379324.7862663495,391192.87277051125,417787.4961355528,427745.7589179548,446111.6290130797,457410.6956004756,469324.0502378121,465794.346313912,476544.9099286564,486399.8204518431,499837.8775267538,507347.34958382876,516919.5306183115,519943.9681926279,526513.4271700357,539446.7042211653,562387.0154577884,584579.4423305589,602426.1664684899,629840.1438763378,657937.0428061831,706413.392687277,721100.6135552911,722729.1108799048,780053.6979785968,800571.7990487515,788374.4673008323,782790.0371581451,785498.5160523186,815028.4375743162,823991.4411414983,844930.2806183115,880194.2654577884,887511.3804994056,908924.7482164091
0,384,3.954431116580963,0.510586804151535,-1.2391961994797616,-1.1825426131342858,-0.056653586345475584,15.292852160853396,0.2803007931494578,691.0730490371872,1431.8259140874718,1051.1202931316755,14.867708451087436,False,5,0.29523583254469205,874.551724137931,875.6551724137931,875.7068965517242,875.2931034482758,875.0,874.8103448275862,874.6034482758621,874.551724137931,874.448275862069,874.2068965517242,874.0344827586207,874.1551724137931,874.4137931034483,873.9310344827586,874.2931034482758,873.9310344827586,874.4827586206897,874.8275862068965,874.9827586206897,875.1724137931035,875.2758620689655,875.5689655172414,875.6206896551724,875.7241379310345,875.6724137931035,876.5172413793103,877.2241379310345,877.551724137931,877.6206896551724,877.5344827586207,878.3793103448276,878.8793103448276,879.0862068965517,879.6551724137931,879.8965517241379,879.8275862068965,880.6034482758621,881.6034482758621,882.4310344827586,883.4137931034483,885.0344827586207,887.0344827586207,887.5172413793103,888.3275862068965,888.7931034482758,889.6724137931035,91471.86801426871,112676.91557669443,116729.48305588584,118573.44857312723,131831.3448275862,147166.42954815697,154501.51516052315,164972.5231866825,174327.59215219974,191376.16409036863,205180.03329369795,247031.37247324613,258735.86325802616,274794.47800237813,281875.6899524376,299050.82282996434,304534.6290130797,316038.41854934604,317062.63763376937,319545.0737217598,332996.33769322233,342836.72800237813,356268.37336504157,367887.19976218784,379130.5306183115,382305.5600475624,388935.7256242569,412793.5576694411,429143.4423305589,455833.7315695601,480932.30439952435,512586.6923305589,550681.1822235434,574091.5362663496,587251.3341260403,630798.7633769322,657042.4117122474,652104.7910225921,647768.6935196196,655189.3804994054,681312.5850178358,694371.3091557671,721573.6290130798,758242.1513079667,759764.7847800237,783984.2547562425
0,401,4.023538732528687,0.4679144874215126,-1.1331774870945137,-1.0688360377830197,-0.06434144931149419,17.56108002413727,0.319682804135862,598.5516493055555,1441.6295572916667,934.0426432291666,13.728278012925031,False,5,0.29494059671214734,874.551724137931,875.0,874.0,873.3103448275862,872.2931034482758,871.1551724137931,870.6724137931035,869.7931034482758,869.551724137931,868.7586206896551,868.5344827586207,868.2586206896551,867.8620689655172,867.1034482758621,866.7241379310345,866.7413793103449,866.8620689655172,867.1379310344828,867.4827586206897,866.9310344827586,866.0344827586207,866.0344827586207,866.1034482758621,865.8103448275862,865.1206896551724,865.3103448275862,865.0,864.2758620689655,863.8275862068965,862.6551724137931,862.8448275862069,862.8448275862069,862.5344827586207,862.448275862069,862.7241379310345,862.4655172413793,862.3448275862069,862.4827586206897,863.5689655172414,864.1551724137931,864.6551724137931,864.4827586206897,864.5344827586207,864.2758620689655,864.7586206896551,864.4310344827586,91471.86801426871,104232.0,105243.75862068965,102640.11058263971,106045.24167657552,111361.33799048752,116563.80648038052,123843.8192627824,125809.07491082043,140153.73483947682,146714.8005350773,165789.36414982163,171501.4637336504,182971.67895362663,191176.40665873955,205654.7779429251,209352.94649227112,215016.53269916764,217336.97384066583,230442.61593341263,250538.79191438764,260526.58501783593,266643.2996432818,282439.6019619501,300405.0026753865,312132.2485136743,325934.6206896552,360331.3721759809,380647.9357907253,409199.6052318668,435659.71730083233,470445.88971462543,515159.14536266343,531901.2128418549,542576.4756242569,584661.7660523189,609690.7086801426,596814.4565992864,598951.7969678952,605065.7862663497,629149.2604042806,644645.5255648037,685037.2832936981,708179.096313912,712881.9762187873,750905.3486920333
0,187,3.896495282649994,0.4692645832896233,-1.0303538706419515,-0.9672189883941789,-0.06313488224777267,17.19858837279393,0.3132173084600293,584.0422031473533,1434.4422389127324,878.7526824034335,9.31734924848909,False,5,0.2946456561154352,874.551724137931,875.7931034482758,876.0689655172414,876.0344827586207,875.8793103448276,876.3275862068965,876.8620689655172,876.9137931034483,876.8793103448276,877.3965517241379,877.5,877.6034482758621,878.3620689655172,878.3793103448276,878.7241379310345,878.8103448275862,878.8620689655172,878.8620689655172,878.9137931034483,879.8448275862069,880.8793103448276,881.7068965517242,882.1896551724138,883.0862068965517,883.5,884.2241379310345,885.4137931034483,886.1724137931035,887.0689655172414,887.4137931034483,887.4655172413793,887.551724137931,887.8103448275862,887.9137931034483,887.948275862069,887.948275862069,888.2931034482758,888.5,888.8965517241379,889.4655172413793,889.8103448275862,889.8103448275862,890.051724137931,890.1379310344828,890.3620689655172,890.3620689655172,91471.86801426871,95490.3365041617,92197.9262782402,90582.7229488704,92925.96819262783,104358.94441141497,110186.04994054696,116933.73394768132,124028.14060642093,136877.51516052318,143134.66379310345,158039.58412604043,170792.78269916767,182201.61474435197,190017.40665873955,205533.39506539833,214509.25683709866,222858.42925089176,233887.94084423306,247624.37247324613,267167.48543400713,280367.8968489893,286765.73989298457,306093.3891200952,320743.6982758621,334649.8290725327,356031.1736028537,386249.90130796673,415042.8228299643,426902.38049940544,432877.55915576697,449410.7990487514,483344.3605826398,498718.5615338883,503500.1524970274,523269.1180142688,535443.8278834721,536137.6293103448,545931.2651605231,564025.3177764566,585432.153686088,618638.4985136741,641990.6697384065,667168.6016646848,675728.47235434,712068.6792508918
0,220,3.897239065170288,0.4482473224401474,-0.9579816846371235,-0.8951868768427308,-0.0627948077943927,17.106477010671057,0.31087663617485184,606.0745902357787,1409.8702778508195,958.1456744675256,13.084993712524433,False,5,0.2943510104593198,874.551724137931,876.1724137931035,876.6206896551724,877.1206896551724,878.051724137931,879.448275862069,880.1379310344828,881.2931034482758,881.6896551724138,881.9655172413793,882.3620689655172,883.1551724137931,884.1034482758621,884.6379310344828,884.9827586206897,885.6206896551724,886.0,886.8103448275862,887.3448275862069,887.9137931034483,890.0172413793103,890.9655172413793,892.051724137931,893.3275862068965,895.1379310344828,896.2586206896551,897.551724137931,899.3620689655172,901.6896551724138,902.3620689655172,902.7241379310345,903.5689655172414,904.2413793103449,904.8103448275862,905.3793103448276,905.6551724137931,906.1206896551724,906.4827586206897,906.7931034482758,907.448275862069,908.1551724137931,909.1551724137931,909.5,909.9137931034483,910.4310344827586,911.3103448275862,91471.86801426871,101912.8668252081,99763.61474435197,99579.72681331747,99953.98008323424,100741.41973840665,100488.2568370987,103702.31064209277,110094.35196195009,122953.06777645662,131388.98959571938,152812.5104042806,163036.95481569562,173322.50683709868,176621.56866825212,188117.26991676574,192723.24137931035,195641.70541022593,201785.91557669442,213231.25118906063,234007.98246135554,249649.75743162903,268151.2214625446,284317.84096313914,299840.32580261596,321594.1572532699,337006.4887039239,372384.05856123666,401091.4209274673,413823.43787158147,424270.99286563613,443998.48662306776,470617.3900118906,482723.2916171224,493298.58026159334,523315.225921522,536689.7957788346,537407.2497027348,542602.5434007134,555650.7645659929,573413.7862663497,604761.7517835911,632212.4913793104,662274.8718787158,664368.8659334126,685442.9381688468
0,539,4.056220543384552,0.4645866319537163,-1.3075060217516303,-1.2435173441655025,-0.0639886775861278,17.377550497349077,0.3163435418215425,629.5937540495011,1458.0474277569003,954.2529480368019,13.285757995224207,False,5,0.29405665944886045,874.551724137931,875.2758620689655,875.4310344827586,875.3965517241379,875.0862068965517,874.9655172413793,874.948275862069,874.948275862069,874.7241379310345,874.8448275862069,874.948275862069,874.8103448275862,874.8275862068965,874.7758620689655,874.7931034482758,874.5689655172414,874.4827586206897,874.4310344827586,874.7413793103449,875.2241379310345,875.7758620689655,876.2068965517242,877.1034482758621,877.4310344827586,877.4655172413793,878.3793103448276,879.4827586206897,880.3103448275862,881.7241379310345,881.6896551724138,881.8103448275862,881.7931034482758,881.551724137931,881.5344827586207,881.3448275862069,881.0862068965517,881.0689655172414,881.0,880.8965517241379,880.6896551724138,880.6206896551724,880.3793103448276,880.2068965517242,880.1034482758621,880.5862068965517,880.551724137931,91471.86801426871,105451.30321046374,108091.27972651603,106039.61860879904,115935.73394768135,129083.03329369797,137016.60077288942,147561.98008323426,157031.71700356717,176744.33799048752,187555.53180737223,222201.4985136742,241976.8323424495,263145.5532104637,268235.7847800238,285761.14179548156,287947.6979785969,297335.93489892985,302704.39863258024,315759.9325208086,338202.5876932224,357402.4054696789,371800.6099881094,404882.34869203327,421024.6281212842,445516.6837098693,461860.0428061831,498030.11058263975,534086.8549346017,554287.4554102258,560361.6364447088,579883.0261593341,620965.7645659929,635409.2832936981,649314.2948870393,687612.216706302,704444.6159334128,702873.3103448276,705666.0582639714,719563.7657550534,746125.5457788347,773881.2699167657,816667.6468489893,846166.6099881092,853994.0356718192,872987.0059453034
0,385,4.151115047931671,0.4684545800089836,-1.1050716976652792,-1.0415094578468664,-0.06356223981841294,17.36822624294364,0.3149457493232668,600.1305173762431,1381.2418147279025,925.8002011397922,11.326391372252624,False,5,0.2937626027894116,874.551724137931,875.2413793103449,875.6551724137931,876.3793103448276,876.3620689655172,877.0344827586207,877.4827586206897,878.4137931034483,878.8103448275862,879.0172413793103,879.6379310344828,879.7068965517242,879.9137931034483,880.6551724137931,881.3793103448276,881.8275862068965,881.9655172413793,882.4827586206897,882.6379310344828,883.7241379310345,884.7931034482758,885.7241379310345,886.7586206896551,887.1551724137931,887.948275862069,888.8620689655172,889.3620689655172,890.5,890.8448275862069,891.3793103448276,891.6034482758621,891.9310344827586,892.1379310344828,892.4655172413793,892.8448275862069,892.9655172413793,893.1206896551724,893.5344827586207,893.8448275862069,894.1206896551724,894.2931034482758,895.6896551724138,895.5862068965517,895.6206896551724,895.8448275862069,896.448275862069,91471.86801426871,99058.70035671818,96458.60523186684,93494.30439952438,95563.61028537455,98899.41260404281,101599.8359096314,103707.31153388823,107789.63644470868,117364.49970273484,125133.23097502973,140980.68995243756,148955.38912009512,158804.74316290134,165022.78715814507,174990.79785969082,176870.03329369798,181351.56004756244,185841.748216409,198885.19976218787,215887.3020214031,229734.44114149822,243422.35552913198,264653.3724732461,282379.1524970273,298659.98097502976,319957.024078478,351183.6982758621,382529.61385255645,401253.82164090365,414264.10136741976,442549.54696789535,480234.32580261596,491560.7660523187,510762.0966111771,538275.6884661117,553896.0716409037,557684.7660523186,562382.5448870391,569228.313020214,592950.7589179549,616640.1795481569,651726.6908442331,677543.1664684898,693081.579369798,720904.2473246136
0,488,4.19052562713623,0.47867006063461304,-0.953034837590599,-0.8865749120948325,-0.06645992549576656,18.320186075973872,0.33071278702884344,566.4513776337116,1414.4350688816855,910.6985413290114,12.93953753848869,False,5,0.29346884018662217,874.551724137931,875.3103448275862,875.1206896551724,874.7241379310345,874.3620689655172,874.2068965517242,874.1551724137931,873.9827586206897,873.7068965517242,872.8620689655172,872.9137931034483,872.9827586206897,873.0689655172414,872.8103448275862,873.0,872.9827586206897,873.1724137931035,873.551724137931,873.5172413793103,873.2931034482758,873.3965517241379,873.9655172413793,874.4310344827586,875.0172413793103,875.2931034482758,875.6034482758621,876.0,876.1896551724138,876.3965517241379,876.1034482758621,875.8448275862069,875.5172413793103,874.8620689655172,874.4310344827586,874.1379310344828,873.6206896551724,873.2241379310345,873.0172413793103,873.2241379310345,872.8965517241379,872.8448275862069,872.6551724137931,871.9310344827586,871.4655172413793,871.9827586206897,871.7413793103449,91471.86801426871,100740.24851367419,95382.2440546968,93071.75148632581,95496.64476813316,99595.9916765755,103216.26902497027,103150.39625445899,108683.93133174792,123265.60166468489,132875.76843043996,148537.08590963137,155773.65041617124,166125.5329964328,167884.5172413793,178614.81004756244,175141.86682520807,184046.62663495837,182281.56004756244,192502.86236623066,208081.2737812128,222842.8953626635,229687.4866230678,241821.12039239,257834.20719381684,267016.4806777645,282793.724137931,302957.2916171224,328824.894470868,336877.85136741976,349820.1655766944,366759.8014268727,394086.6016646849,397936.24524375744,395587.29131985724,418880.8906064209,426593.72562425694,421039.7755648039,423122.82907253265,433541.60998810944,445287.0621284185,456967.53626634966,471195.61593341257,493622.11087990494,493897.4652199762,524414.5020808561
0,326,4.2854633808135985,0.44895104467868807,-1.082795113702528,-1.0157724608420322,-0.0670226528604957,18.373460851929224,0.3320364117146088,652.2162807942655,1417.3627749855814,1026.5305264892477,14.750110017435384,False,5,0.29317537134643556,874.551724137931,875.6206896551724,876.1034482758621,875.7586206896551,875.4137931034483,875.5,875.948275862069,876.6379310344828,876.4827586206897,876.5172413793103,877.2931034482758,877.4137931034483,877.7758620689655,877.8275862068965,878.3793103448276,878.6724137931035,878.9137931034483,879.8793103448276,881.0689655172414,880.8103448275862,881.3793103448276,881.7241379310345,882.2068965517242,884.8448275862069,885.5,888.948275862069,891.2758620689655,893.5172413793103,895.2068965517242,895.8275862068965,896.5344827586207,897.7586206896551,898.7586206896551,900.2068965517242,901.5,902.1724137931035,903.0862068965517,904.9137931034483,906.5,908.1379310344828,909.5172413793103,911.2931034482758,912.0862068965517,912.9655172413793,913.8965517241379,915.2413793103449,91471.86801426871,107580.5112960761,108495.19619500593,108789.32104637338,116720.96670630202,124165.56034482758,128855.7387039239,135142.23097502973,142582.59453032102,151876.6634958383,160481.62098692037,187936.9322235434,195540.10493460167,211219.31510107015,214475.40784780026,225336.46165279427,231165.38912009512,235846.7957788347,240389.7883472057,258416.2916171225,275699.89060642093,295473.4066587396,311947.61236623063,334675.82074910816,352515.5603448276,373579.6352556482,393907.1652794293,430140.38763376937,465789.7502972651,481275.970273484,496927.17984542216,511396.5279429251,544531.803804994,558121.0261593341,558808.3189655172,596628.3840665874,608867.0787752677,612080.76843044,619557.2844827586,626424.9120095125,654263.0083234245,690282.9313317478,710783.8718787158,751131.1712247323,762675.644470868,802416.6658739595
0,534,4.424604845046997,0.4562681525945663,-1.2948755313928577,-1.2229402666147544,-0.07193526477810336,19.828133436299034,0.3565833593869945,718.2607966151153,1446.5636124890575,1130.3678873650424,15.62412169679376,False,5,0.29288219597508913,874.551724137931,876.3448275862069,876.3103448275862,876.3103448275862,875.9655172413793,876.2241379310345,876.0689655172414,876.0862068965517,875.948275862069,875.6551724137931,875.5862068965517,875.5,875.2758620689655,874.9827586206897,875.0689655172414,875.0,875.051724137931,874.9827586206897,875.1034482758621,876.4655172413793,877.8448275862069,879.0689655172414,879.7068965517242,880.6896551724138,882.2241379310345,883.9655172413793,885.0689655172414,886.0,887.3275862068965,887.1206896551724,887.3103448275862,887.3448275862069,886.6724137931035,886.5862068965517,886.6896551724138,886.3103448275862,886.051724137931,886.0689655172414,886.4827586206897,886.7586206896551,886.3965517241379,886.8275862068965,886.2068965517242,886.0172413793103,886.0344827586207,886.7413793103449,91471.86801426871,114046.84661117718,116576.83472057075,122661.21403091558,133980.82639714627,143980.17390011888,150321.16765755054,157087.38912009512,165108.3938763377,181026.6741973841,192353.0701545779,218515.0775862069,223111.85493460167,235742.63763376928,238181.58145065393,251145.27586206896,248840.94560047562,263058.4997027348,266986.33412604046,284529.8695005945,309501.200059453,335244.68489892985,347560.24167657545,369832.9381688466,385133.5876932224,415796.9643281808,444765.37455410237,496615.724137931,535898.9788941736,551698.864744352,569511.4209274673,583770.4673008322,612838.5651010701,626413.8287752676,634592.8692033293,672822.9036860879,678201.9111177168,681006.3745541023,690010.2841854932,701898.1141498217,730906.7910225921,763571.142687277,789953.4399524378,829499.1893579074,837825.9298454222,876649.329667063
0,256,4.5294640302658085,0.4548260509967804,-1.0715708997150903,-0.9988598427347268,-0.07271105698036341,20.023016803347673,0.36027505364076784,597.704457738325,1391.9723079891933,957.4671941335391,13.220592536253765,False,5,0.29258931377911407,874.551724137931,875.7068965517242,876.2241379310345,876.3965517241379,876.7241379310345,877.8620689655172,878.1896551724138,878.4310344827586,878.7758620689655,879.0,879.2931034482758,879.4827586206897,879.8793103448276,879.8275862068965,879.9655172413793,880.0862068965517,880.2068965517242,880.4137931034483,880.8448275862069,880.9310344827586,881.8620689655172,882.9310344827586,884.3620689655172,885.5689655172414,886.7068965517242,888.3275862068965,890.1379310344828,891.7586206896551,893.1206896551724,893.4655172413793,893.5344827586207,893.9310344827586,894.5,894.8448275862069,895.1206896551724,895.2758620689655,895.4655172413793,896.1034482758621,896.551724137931,896.7586206896551,897.1034482758621,897.4827586206897,897.8793103448276,898.0862068965517,898.448275862069,899.2931034482758,91471.86801426871,107908.86236623066,110442.07045184306,107566.65309155769,110989.82045184306,118085.80856123663,122551.94678953626,127477.93489892983,135362.38079667065,147316.4827586207,153573.93133174788,175764.00832342447,182321.86474435197,194238.3840665874,194853.0677764566,198656.94084423306,202008.37098692034,201442.13912009512,202643.02764565992,217922.68489892985,242651.25683709874,259689.09869203332,277975.8171819263,289530.03834720573,308855.7244351962,324697.9099286564,350839.94649227103,382422.5969084423,405321.65784780023,415236.6626040428,426884.9039833531,441903.9262782401,468672.6637931034,470320.71730083233,465920.69233055884,490084.7859690845,495240.38674197387,488531.57550535083,488761.66111771704,498543.6658739596,520925.644470868,544067.1462544589,574486.9337098693,601867.8029131986,612389.936979786,641834.5520214031
0,505,4.756674146652221,0.4934661626815796,-1.2725086014093616,-1.1951500250412297,-0.07735857636813205,21.400368077236212,0.3823351610512881,609.6792436464567,1462.0072859744992,996.0929829126551,15.115696679518374,False,5,0.29229672446533495,874.551724137931,875.9827586206897,875.8275862068965,876.3965517241379,876.2586206896551,876.2758620689655,876.7931034482758,876.5689655172414,876.8965517241379,876.5344827586207,876.6551724137931,876.7068965517242,876.6379310344828,876.448275862069,876.9655172413793,876.9655172413793,877.3965517241379,877.8103448275862,877.7931034482758,878.6724137931035,879.5689655172414,880.551724137931,881.0,881.8103448275862,883.1206896551724,883.4310344827586,884.6724137931035,886.4655172413793,887.3448275862069,887.2413793103449,887.2758620689655,887.3103448275862,887.0,886.9827586206897,886.9655172413793,886.4137931034483,886.2413793103449,886.2758620689655,886.6551724137931,887.2931034482758,887.3103448275862,887.6034482758621,887.4655172413793,887.2413793103449,887.551724137931,887.9137931034483,91471.86801426871,110843.53418549347,111918.83234244947,113451.79102259214,121797.9158739596,133933.47562425683,140307.99167657548,141652.0038644471,148988.4375743163,165279.3522592152,172784.46730083233,198848.2071938169,204436.0930439952,219075.9714625446,220057.13674197384,228507.99881093932,226894.0324019025,229483.153686088,234367.61236623072,246223.04785969085,262961.5211058264,278455.3507728894,294006.6206896552,311320.49851367425,329044.5543995244,346889.27972651605,361217.28923900117,388340.2488109393,416778.0535077289,421493.63139120094,436672.3376932224,451412.0071343639,486767.2068965517,489519.46521997626,494615.30915576697,523950.62187871576,538871.5279429251,539238.4066587396,545018.6397146254,559271.3796076099,573602.5243757432,599269.9289536267,612101.5246730084,645344.5624256838,652376.5576694411,696348.6304994053
0,195,4.734593939781189,0.5002148509025574,-1.0535872725592794,-0.9840273464074347,-0.06955992615184474,19.09055537430325,0.3445917673957178,652.009183439198,1446.359608173261,1041.8008724267238,14.1816452673225,False,5,0.2920044277408696,874.551724137931,876.3275862068965,876.0689655172414,875.1034482758621,873.9655172413793,872.2931034482758,871.1551724137931,870.3448275862069,869.3793103448276,868.4655172413793,868.051724137931,867.4137931034483,866.6379310344828,865.5344827586207,865.1034482758621,864.6206896551724,864.4137931034483,864.2586206896551,863.8448275862069,863.2931034482758,862.4310344827586,862.3448275862069,861.9137931034483,861.3793103448276,860.9310344827586,860.6379310344828,860.7586206896551,860.0,858.9827586206897,857.7586206896551,857.3275862068965,856.2068965517242,854.4137931034483,853.4137931034483,852.4137931034483,851.1551724137931,850.1896551724138,850.5862068965517,850.7241379310345,850.2068965517242,849.4655172413793,848.2413793103449,846.9655172413793,845.9655172413793,845.6379310344828,844.3448275862069,91471.86801426871,106920.39268727707,103234.13317479192,104419.85136741975,107150.7229488704,108486.72443519617,110487.71730083232,114542.15695600475,121247.37336504164,129470.11087990487,136014.39387633768,156453.55291319857,163266.43787158147,172552.5591557669,176448.40309155767,187418.8561236623,189792.2080856124,193400.50208085615,191668.13109393578,204051.4140903686,223358.27972651605,233963.2948870392,242679.73394768132,254641.26991676577,268961.3745541023,280695.3689060642,286611.7348394768,316080.5172413793,332742.8790130796,348191.8382877527,360134.1857907254,378684.50891795487,414024.8287752675,419076.86325802613,420328.863258026,463439.2345422117,470096.60196194996,469293.4494649227,467123.096313912,481780.23305588594,502144.1798454221,523478.4244946492,538424.7229488704,555012.48156956,557422.1620095125,577729.225921522
0,270,4.81025071144104,0.5014683544635773,-1.04631637281788,-0.9771353814508295,-0.06918099136705055,19.052626211502833,0.3434163827345157,681.1962376083054,1405.5006634923113,1058.5767699633127,15.024093165992747,False,5,0.29171242331312874,874.551724137931,875.4655172413793,875.4827586206897,875.7413793103449,875.3448275862069,874.8793103448276,875.0172413793103,875.1551724137931,874.9310344827586,874.9137931034483,875.2241379310345,875.4655172413793,875.2241379310345,875.3620689655172,875.4310344827586,875.051724137931,874.8965517241379,874.7931034482758,874.8965517241379,874.6379310344828,875.3965517241379,875.9137931034483,876.2413793103449,876.4310344827586,876.2931034482758,876.8965517241379,877.3965517241379,877.6896551724138,877.7586206896551,877.8793103448276,877.7586206896551,877.551724137931,876.9137931034483,876.9310344827586,877.8103448275862,877.8620689655172,878.6724137931035,880.2931034482758,881.7241379310345,882.4827586206897,882.8448275862069,884.2758620689655,884.1896551724138,884.5862068965517,885.448275862069,886.3965517241379,91471.86801426871,109644.11087990487,109408.90487514864,112104.15725326992,121210.63971462545,126987.72681331747,133906.15487514864,140104.20005945303,145911.30558858503,160853.1477407848,169765.10493460164,195757.04191438764,198670.3807966706,213666.40338882283,213707.62455410225,223012.60077288942,220245.81688466112,218398.0951248514,216668.85136741976,228372.8516646849,244553.9289536267,253517.73394768132,259770.63139120094,266586.14179548156,275134.5865041617,276694.9548156956,280788.79102259217,301562.04161712254,316945.079667063,330510.79577883467,341544.3210463734,345799.9714625446,375151.5270511296,380357.2366230678,385601.2916171226,418031.9464922711,425512.42717003566,427257.37960761,425682.68252080854,438276.7324613555,457535.0276456599,476086.1307966705,494807.4295481569,514145.3115338883,519238.6266349584,545306.3427467301
0,617,5.044598007202149,0.5754594519734383,-1.4072245576700169,-1.3276635349714954,-0.07956102269852128,22.150344374412064,0.3960115952998559,648.9846860643186,1522.5079514666038,1013.7777123336082,13.8211230035916,False,5,0.29142071088981564,874.551724137931,876.0,876.5172413793103,876.5344827586207,876.9137931034483,878.0344827586207,878.3275862068965,878.9655172413793,879.5344827586207,879.7068965517242,879.7586206896551,879.948275862069,880.7586206896551,881.4310344827586,881.6724137931035,881.948275862069,882.2586206896551,883.3275862068965,883.4310344827586,883.6724137931035,884.3448275862069,885.2241379310345,885.8275862068965,886.6896551724138,887.5,888.0862068965517,888.3448275862069,888.948275862069,889.948275862069,890.6551724137931,890.7931034482758,891.2758620689655,891.7068965517242,892.2413793103449,892.4655172413793,892.6551724137931,892.9655172413793,894.0862068965517,894.6206896551724,895.448275862069,895.7931034482758,896.7586206896551,897.2413793103449,897.4655172413793,897.8275862068965,898.8965517241379,91471.86801426871,105084.6551724138,108329.24970273484,108003.86950059453,118669.21670630203,138785.75743162903,146938.8064803805,155092.2057074911,161941.4901902497,177675.0692627824,191062.73483947682,220835.2559453032,231731.14863258024,248948.93489892987,251827.87544589775,266721.0145659929,264113.88139120094,268738.46165279427,263218.0383472057,282484.22027348395,314271.60523186676,329887.69114149833,348561.7978596909,367298.2485136742,393524.4913793103,413625.5960166468,434544.7086801426,482520.87663495843,517642.08353151014,549891.5707491082,568332.7847800237,605953.4756242568,668409.4830558859,680504.3555291318,692323.9729488704,738845.3983353152,759940.8953626633,751377.2167063021,761380.2699167656,779028.0059453034,817698.8192627823,847350.1486325802,880576.2865636147,905263.6626040428,916487.9702734838,960829.9892984543
0,334,5.066032552719117,0.551109692454338,-1.0293620843971545,-0.9549773961518617,-0.07438468824529293,20.71694961289124,0.3722642092970047,585.7187171398527,1418.9365141955836,927.7082018927445,11.698688627176049,False,5,0.2911292901789258,874.551724137931,874.6896551724138,874.0344827586207,873.5689655172414,872.551724137931,871.2586206896551,870.6551724137931,870.1034482758621,869.6034482758621,868.7413793103449,868.3965517241379,867.8448275862069,867.4655172413793,866.7931034482758,867.0172413793103,866.4827586206897,866.3275862068965,866.1896551724138,865.948275862069,865.3965517241379,865.0344827586207,864.5344827586207,864.2931034482758,863.5172413793103,863.8448275862069,863.7068965517242,863.2586206896551,862.6034482758621,862.5862068965517,861.7758620689655,861.6206896551724,860.7586206896551,859.6379310344828,859.1034482758621,858.448275862069,858.1034482758621,857.5344827586207,858.1724137931035,858.6724137931035,858.7758620689655,859.2241379310345,858.7586206896551,858.2758620689655,857.6379310344828,857.8103448275862,857.1379310344828,91471.86801426871,105520.903686088,107259.44708680142,110117.21076099882,118518.9714625446,128972.8124256837,133539.95005945303,139616.47205707492,142798.51516052318,147986.15725326986,150436.58412604043,164284.82074910818,166373.55915576694,172848.09512485136,168250.70659928655,174009.83590963137,165277.7375148633,170286.56747919146,171869.46284185495,183315.8599881094,200786.72294887042,212265.90398335314,222352.82788347205,233963.1807372176,250359.61385255647,264248.9658145065,277767.88139120094,312786.72205707495,344610.1736028538,359791.6566587396,368299.30439952435,380388.1141498215,414913.5758026159,422644.0582639715,441251.45422116533,466439.02378121286,484221.38674197387,489217.6254458978,490227.42717003566,498041.76010701543,523144.2428656362,558433.9072532699,588213.0618311532,620395.7826991676,637075.981272295,678026.1533888228
0,189,5.194932150840759,0.5253613948822021,-1.0545118313973303,-0.9808649100677834,-0.07364692132954671,20.549600034812528,0.3695272042909336,796.946290880085,1483.1352698750331,1229.2498670566338,12.909511590701223,False,5,0.29083816088874687,874.551724137931,876.0689655172414,876.3793103448276,876.4137931034483,876.5689655172414,877.1551724137931,877.4655172413793,877.8103448275862,877.9827586206897,877.7068965517242,878.3965517241379,878.3793103448276,879.0862068965517,879.4310344827586,880.3103448275862,880.6206896551724,881.5344827586207,881.7586206896551,882.2586206896551,882.3793103448276,883.6551724137931,884.2758620689655,884.5344827586207,884.5862068965517,885.2931034482758,886.1034482758621,886.8275862068965,887.1034482758621,887.7068965517242,887.8965517241379,888.2413793103449,888.3448275862069,888.1206896551724,888.5689655172414,888.6379310344828,888.1551724137931,888.5,888.4655172413793,888.448275862069,888.8103448275862,888.7931034482758,889.0,888.4310344827586,888.7586206896551,888.7931034482758,889.3275862068965,91471.86801426871,113228.23662306779,116795.8561236623,117876.86325802616,128200.59007134366,137416.20005945305,142224.42122473248,147361.29161712245,150179.1548751486,159198.51753864446,172747.27378121286,207018.47681331748,211586.35463733654,227222.31420927471,231251.11058263973,234361.2009512485,235543.45570749106,237334.07966706302,233830.19173602853,249252.09750297267,275395.5362663496,288554.85493460164,302197.86950059445,322699.20808561245,342655.5865041617,355833.1272294887,381422.69441141497,423537.920332937,457080.4830558859,463128.98929845425,465814.11414982175,484172.8121284185,524535.0026753864,521218.34869203327,521931.3344233055,560681.9931629014,563340.3534482758,569734.5591557669,570136.1438763377,581810.3950653983,603577.0951248514,620736.7931034482,641288.7969678954,678928.8727705114,687462.7847800239,712141.2547562424
0,479,5.201031184196472,0.48768735826015475,-1.2098271178267346,-1.1312124568902395,-0.07861466093649501,22.431742737656524,0.40132535623759863,654.5179678804261,1488.6524884719352,1076.2643504531723,13.823895569260275,False,5,0.2905473227278581,874.551724137931,875.6724137931035,875.5344827586207,875.7931034482758,875.551724137931,875.8103448275862,876.3448275862069,877.0689655172414,877.051724137931,876.7758620689655,876.4137931034483,876.7758620689655,876.7586206896551,877.3620689655172,877.6896551724138,878.5862068965517,879.1551724137931,879.9137931034483,880.5,880.0689655172414,880.8275862068965,881.0,881.7931034482758,883.051724137931,884.1551724137931,885.2413793103449,886.3275862068965,888.051724137931,889.4137931034483,890.5,891.0689655172414,892.4310344827586,893.2586206896551,894.0344827586207,894.948275862069,895.5689655172414,896.2586206896551,897.2241379310345,898.0344827586207,899.8448275862069,900.5,903.4655172413793,904.0689655172414,904.6551724137931,905.448275862069,906.6206896551724,91471.86801426871,107744.28923900118,106400.17984542213,107122.50891795481,115975.04042806182,125946.87782401901,131084.225921522,138035.0986920333,146187.8766349584,161308.69114149822,170127.17360285373,205821.10493460167,220897.80380499407,229846.95511296074,234832.4554102259,240943.13912009515,245354.02764565992,249136.32015457784,253027.97413793104,275657.13317479193,302313.31510107015,325674.7931034483,344026.95719381684,361134.4628418549,389432.06212841865,421611.8382877527,452446.94441141497,493109.7731866825,537476.966706302,565479.3189655172,586248.6848989299,613317.9693816885,653361.9848394769,668793.6884661118,670195.6697384068,716933.4521403091,751626.9158739595,748001.6911414984,751950.6539833532,764470.8897146254,798569.4224137932,839981.2832936979,846681.0297265161,878833.225921522,884146.1783590964,935307.787158145
0,443,5.443136429786682,0.511585621535778,-1.315226109296153,-1.2303030172701626,-0.08492309202599045,24.479223568769534,0.43696016501590046,645.0307167235495,1523.9758324877778,1048.8648648648648,14.713235000125382,False,5,0.29025677540513023,874.551724137931,875.7413793103449,876.2586206896551,875.9655172413793,875.8620689655172,876.6034482758621,876.7068965517242,877.2413793103449,877.3448275862069,877.8275862068965,878.1724137931035,878.6379310344828,878.3620689655172,878.6206896551724,878.9655172413793,879.2931034482758,879.551724137931,881.0,881.2586206896551,881.0862068965517,881.4137931034483,881.7241379310345,881.7241379310345,882.8275862068965,883.7413793103449,884.4655172413793,885.7413793103449,888.0,889.3965517241379,890.6551724137931,891.4827586206897,892.6896551724138,893.5344827586207,894.5,895.5689655172414,895.7758620689655,896.9827586206897,898.8620689655172,900.7068965517242,902.2758620689655,903.448275862069,905.7586206896551,906.2931034482758,907.4827586206897,908.4137931034483,909.6896551724138,91471.86801426871,104462.98483947682,97981.01932223543,99833.96432818072,105855.0844233056,115545.92895362666,119808.68995243756,127396.80380499407,134047.63971462546,150407.79785969085,164480.76337693224,192269.67925089182,201608.2654577883,218603.23543400713,222905.6539833531,240151.31064209275,248938.93697978594,253920.37931034484,264145.26070154575,285689.76843044,311583.4494649227,320777.3032104638,336730.1652794293,357319.24613555294,364840.7089774079,389023.38674197387,408770.05380499404,446252.5862068966,476883.8599881094,489972.1569560048,507534.9738406658,523824.7312722949,580428.4212247327,576659.8706896552,579368.3831747919,609022.6566587396,616541.4997027348,614233.8775267539,626689.3451248512,641784.1307966706,672405.8680142687,722198.079667063,761299.2071938169,794381.766944114,795603.1391200952,840289.2140309155
0,366,5.560439014434815,0.542595063149929,-1.0653491012457936,-0.9862942894800044,-0.07905481176578927,22.803323440287727,0.4071795742178097,596.9555849783342,1484.5469427058258,959.5949687048628,11.896719272316602,False,5,0.2899665186297251,874.551724137931,874.9137931034483,874.3275862068965,873.6724137931035,873.0,871.6724137931035,871.1724137931035,870.448275862069,870.1034482758621,869.3448275862069,869.1379310344828,869.0862068965517,868.5344827586207,867.7241379310345,867.7586206896551,867.1206896551724,867.1034482758621,866.9137931034483,867.2413793103449,866.6551724137931,866.1034482758621,865.6206896551724,865.6896551724138,865.1551724137931,864.8965517241379,864.3965517241379,863.9655172413793,863.8448275862069,863.4137931034483,862.5,862.7068965517242,861.8448275862069,860.7931034482758,860.1724137931035,859.9827586206897,859.1379310344828,858.4655172413793,858.1206896551724,858.2241379310345,857.7068965517242,857.4827586206897,856.9137931034483,856.7758620689655,855.7068965517242,855.7758620689655,855.1379310344828,91471.86801426871,100361.07877526755,103541.97889417359,103329.73751486326,105910.96551724138,115919.42717003568,123530.7288941736,131545.45422116527,140704.2306777646,158456.95005945303,170135.3602853746,196676.1477407848,211622.42122473248,230983.99286563613,237000.0107015458,250910.38198573122,259324.85136741976,265055.80291319854,267218.14863258024,275396.225921522,291274.16171224724,297781.2354340071,301830.9381688466,308899.9586801427,318317.95481569564,336707.0324019024,342536.79191438766,379305.8897146254,395807.2080856123,408441.0086206897,414865.0002972652,437534.5104042806,473709.0951248514,480126.45303210465,482433.5686682521,510700.7051129608,521839.7660523187,533852.2440546968,538818.89803805,544082.0692627825,567312.1807372175,600001.7339476814,636440.5876932222,669902.3796076099,673048.4152794292,716491.4637336505
0,81,5.431392216682434,0.625415600836277,-0.8117818738570481,-0.7455436297149476,-0.06623824414210058,18.745174335302725,0.3380312694778317,539.7496732026144,1372.7851307189542,828.2544117647059,7.4859521292946525,False,5,0.2896765521110954,874.551724137931,875.0862068965517,875.4827586206897,875.9655172413793,876.4310344827586,877.3793103448276,878.3275862068965,878.4137931034483,878.7241379310345,879.3448275862069,879.8103448275862,880.0,880.9137931034483,881.4137931034483,881.5172413793103,881.7068965517242,882.2241379310345,882.3793103448276,882.7068965517242,883.0172413793103,883.7241379310345,884.4310344827586,884.6724137931035,885.5172413793103,885.8620689655172,886.5,887.1379310344828,888.051724137931,888.3620689655172,888.6896551724138,888.8275862068965,889.2241379310345,889.6896551724138,890.1034482758621,890.3448275862069,890.8448275862069,891.0689655172414,891.1724137931035,891.7931034482758,892.0862068965517,892.2586206896551,892.6206896551724,892.7586206896551,893.0,893.1551724137931,893.4827586206897,91471.86801426871,99513.216706302,96236.69797859689,95782.8953626635,96367.41765755053,103292.23543400712,100895.73751486326,102395.96670630202,102264.37217598097,108884.15695600475,114039.9812722949,122475.37931034483,132010.56153388822,141482.2770511296,144310.38763376934,152257.96581450655,155785.07045184306,161450.37336504168,166452.103745541,172265.7755648038,182229.0273483948,190009.4866230678,198750.6340665874,201464.38763376934,208997.25683709866,212455.18103448275,219185.84304399526,236013.94560047562,247800.67925089184,254385.38644470868,254776.93579072534,265316.3807966706,282759.9726516052,290241.57550535083,293790.8810939358,311367.02764566,315986.7538644471,319457.14268727705,322943.405469679,333748.2167063021,353921.0538049941,384720.2354340071,414156.1831153389,434211.9310344828,446577.3724732462,474842.93935790716
0,438,5.567001104354858,0.6111690282821656,-1.1666246120585146,-1.1169569121487297,-0.04966769990978491,13.152178880737523,0.24628490651097923,613.4585144211774,1364.6164559462663,924.1739431054918,14.048777461575296,True,5,0.28909748868342533,874.551724137931,877.3103448275862,878.2586206896551,878.5689655172414,879.8448275862069,881.9827586206897,882.8965517241379,884.3103448275862,885.0862068965517,886.0689655172414,886.5862068965517,887.551724137931,888.3103448275862,888.9827586206897,889.9827586206897,890.9310344827586,891.3448275862069,891.9310344827586,892.6724137931035,893.2413793103449,894.551724137931,895.0689655172414,895.6034482758621,896.7241379310345,897.7758620689655,899.0862068965517,899.7068965517242,901.6206896551724,902.7758620689655,904.0862068965517,904.8965517241379,906.3793103448276,907.3620689655172,908.5344827586207,909.2413793103449,909.6551724137931,910.6551724137931,911.0862068965517,911.6034482758621,912.7241379310345,913.3965517241379,915.1724137931035,915.3103448275862,916.1896551724138,916.6379310344828,917.9137931034483,91471.86801426871,107800.31747919145,106802.8124256837,107145.17627824021,112430.51040428063,118859.0859096314,122757.50653983353,130355.66230677764,139777.73394768132,152172.1331747919,158227.38049940547,181459.73008323426,191225.62782401903,206871.53418549345,214550.396254459,226382.89179548158,234044.98454221163,243593.71938168845,248250.668549346,267784.2520808561,285841.2128418549,300669.2021403091,313694.5151605232,329573.5445897741,340886.5532104637,350230.9063614745,359094.06926278246,387704.44233055884,406317.070451843,430569.3546373365,460296.98929845425,490242.4768133175,536313.3689060642,555712.3177764566,568644.8382877527,607974.4328180738,629171.674197384,630580.6994649225,635956.5496432818,654002.372175981,681248.446195006,697346.1771700358,735282.1450653984,776020.1536860879,789795.8861474436,824796.940844233
0,755,5.863804769515991,0.8230673313140869,-1.470081390145322,-1.3970939928177812,-0.07298739732754084,20.03134606641279,0.3604091369972499,691.3357450738916,1473.2097444581282,1083.8935498768474,16.815519443319705,False,5,0.2888083911947419,874.551724137931,876.5172413793103,877.5,878.1034482758621,878.6206896551724,879.6379310344828,880.3448275862069,880.6896551724138,881.0,881.0,880.9827586206897,881.2241379310345,881.7241379310345,881.7586206896551,882.0,882.6379310344828,883.1034482758621,883.3620689655172,884.0344827586207,884.1551724137931,885.0862068965517,885.6551724137931,886.5172413793103,887.0172413793103,886.8965517241379,887.1551724137931,887.2413793103449,887.448275862069,887.5344827586207,888.2241379310345,888.7931034482758,888.7413793103449,889.2931034482758,890.5172413793103,891.7068965517242,892.4655172413793,892.7586206896551,893.7413793103449,894.1206896551724,894.4827586206897,895.0344827586207,895.6724137931035,895.3965517241379,895.1551724137931,895.2758620689655,895.4655172413793,91471.86801426871,112850.69797859689,111900.5948275862,114507.40309155766,125623.51129607607,135052.9895957194,140740.29488703926,151300.9381688466,163144.72413793104,183185.1379310345,199439.9134958383,235155.622175981,249463.51010701546,270304.7003567182,273306.8965517241,294149.8171819263,297309.1272294887,307608.1620095125,314761.033293698,329981.95868014276,342239.2511890606,354303.15695600474,360016.0772889418,366696.12039239006,372903.95481569564,375255.26902497036,379860.52794292505,410961.62663495843,427670.5936385256,446122.1049346017,465250.5434007134,484240.08828775265,525055.7589179548,534595.4565992865,544415.6899524375,580190.9384661118,589914.079667063,579659.4331153388,587605.1406064208,595451.3531510106,617205.5850178361,635956.8409631391,663168.7565398336,686590.6483353153,694508.0618311535,716606.903983353
0,340,6.1585088014602665,0.8083040416240692,-1.1485790814569294,-1.0882075140560143,-0.06037156740091554,16.31213372157025,0.29886461870224373,811.280859375,1414.50390625,1201.9612630208333,13.548451458852101,False,5,0.28851958280354717,874.551724137931,877.0689655172414,877.948275862069,878.0862068965517,878.0344827586207,878.9655172413793,879.7413793103449,880.6206896551724,881.1724137931035,882.0689655172414,882.051724137931,882.4655172413793,883.1724137931035,883.2586206896551,883.7241379310345,884.1896551724138,884.8965517241379,885.7068965517242,886.3793103448276,886.3103448275862,887.0862068965517,887.3448275862069,888.0,888.5,889.3103448275862,889.9655172413793,890.5862068965517,891.0689655172414,891.1551724137931,892.3448275862069,892.6896551724138,893.2413793103449,894.0,894.7068965517242,895.5,895.6034482758621,895.8620689655172,897.2758620689655,897.5344827586207,898.1896551724138,898.6379310344828,900.0689655172414,900.5,900.448275862069,900.7758620689655,901.7586206896551,91471.86801426871,115422.71938168848,117726.18697978598,123857.21670630202,137768.65398335314,148828.9298454221,158026.1227705113,167183.99405469678,177866.17717003563,189770.58145065396,208853.73870392388,240881.69708680143,246556.79785969085,263378.7779429251,265854.7170035672,280094.3605826397,281344.1272294887,287898.7244351962,293156.1319857313,293243.59334126045,297304.8029131986,295212.6052318668,292726.8620689655,299505.5603448276,298931.55885850184,298230.41260404274,294157.0011890607,311621.02972651605,329511.3035077289,352133.950059453,374863.21403091564,383624.8038049941,405520.4827586207,404395.5520214032,403643.0431034483,439598.7220570749,437700.4637336504,438765.8549346017,451542.69708680134,457555.84334126033,478746.85166468483,480981.5124851367,487479.9396551724,515568.212841855,521440.62217598094,539546.8382877528
0,41,6.222458219528198,0.7872776389122009,-0.8971799730643193,-0.8294125345946265,-0.06776743846969259,18.538749081309664,0.3345364436286731,547.2363296463624,1381.0387910889547,840.0514098769279,7.878831607719367,False,5,0.2882310632207436,874.551724137931,875.0,874.9310344827586,875.051724137931,874.8448275862069,874.2931034482758,874.051724137931,873.8275862068965,873.9655172413793,874.2586206896551,873.8448275862069,874.2068965517242,873.8620689655172,874.1206896551724,874.5,874.0,873.8620689655172,874.1896551724138,874.2241379310345,873.8103448275862,873.5689655172414,873.3793103448276,873.1896551724138,872.9655172413793,873.0344827586207,872.7068965517242,872.3448275862069,871.5172413793103,870.9310344827586,870.551724137931,870.6896551724138,871.0,870.3793103448276,869.8793103448276,869.7586206896551,869.1896551724138,868.8448275862069,869.3965517241379,869.551724137931,869.7586206896551,869.8448275862069,869.3793103448276,870.1034482758621,870.5,870.3793103448276,869.8965517241379,91471.86801426871,100719.72413793103,98399.71938168847,96285.7387039239,99973.61385255647,113034.82788347204,118867.11801426874,128250.65992865637,131678.27467300833,139850.39863258027,144231.7862663496,159166.61236623066,170110.0154577883,178584.48543400716,183908.97413793104,197409.37931034484,196734.53269916767,202123.0502378121,203191.51872770512,203289.2226516052,209525.83145065396,211118.02853745542,214578.153686088,214786.7919143876,218780.65398335314,219328.41409036863,225224.0190249703,246755.11177170035,257550.54696789535,272175.3162901308,277096.93816884665,293002.724137931,313230.9940546968,320425.8302615933,327339.25208085607,341732.6709274673,347892.9586801426,360500.4806777645,368387.31629013084,381526.4589774077,409085.23454221163,450142.23543400713,485213.95481569564,509871.2155172414,529705.3388822831,570492.3341260403
0,326,6.388065266609192,0.7427233427762985,-1.1414290211707256,-1.0695751626844787,-0.07185385848624691,19.742577231971964,0.3549349126572427,609.8203997372619,1414.2215445247255,968.3729004410246,14.300041109581597,False,5,0.28794283215752287,874.551724137931,875.7586206896551,875.948275862069,876.2931034482758,876.1379310344828,876.8965517241379,877.1551724137931,877.1724137931035,877.3620689655172,877.0,876.8793103448276,876.7931034482758,877.0344827586207,877.0172413793103,877.4827586206897,877.3103448275862,877.2068965517242,877.3965517241379,877.6379310344828,877.1724137931035,877.0344827586207,876.9655172413793,876.6206896551724,876.448275862069,876.8103448275862,876.7586206896551,876.7068965517242,876.7068965517242,877.0344827586207,877.2413793103449,877.6034482758621,877.5172413793103,877.551724137931,877.551724137931,877.6551724137931,877.8965517241379,877.9827586206897,878.551724137931,879.3965517241379,879.551724137931,880.3275862068965,881.9137931034483,881.8620689655172,882.5689655172414,883.6206896551724,885.1896551724138,91471.86801426871,105694.56242568373,104817.73870392391,107576.03478002377,115688.39476813318,132756.2996432818,145234.06212841856,151624.8668252081,157982.67925089176,175993.1724137931,188402.2095719382,207983.26753864446,221329.34363852555,237049.81004756244,245210.6634958383,262954.97265160526,266235.0261593341,265260.44619500596,267468.9551129608,266125.10820451844,270457.03329369804,269292.3436385256,267713.92508917954,271788.9714625446,276835.08472057077,282484.0107015458,285418.4140903686,310061.1037455411,320343.8953626635,338137.59690844227,345334.1703329371,362276.52556480386,396915.3162901308,405546.661117717,416032.01902497024,441412.2306777645,452621.0169441142,469470.2818073722,483061.23929845425,516557.0404280618,546666.3237217598,597251.9063614744,640259.9120095124,683622.9348989299,694620.1319857313,733815.1192033292
0,298,6.467817306518555,0.7011588394641877,-0.9628838211769535,-0.8842921196133736,-0.07859170156357988,21.71250066929892,0.3889707422986842,573.7691163344243,1439.8702767033622,950.5403153823266,11.728864974955096,False,5,0.2876548893253653,874.551724137931,875.3448275862069,875.448275862069,875.6896551724138,875.8793103448276,876.3448275862069,877.1551724137931,877.9655172413793,878.0172413793103,877.7758620689655,878.2931034482758,878.3620689655172,878.5,878.5344827586207,878.5344827586207,878.6034482758621,878.7586206896551,878.948275862069,878.9827586206897,879.1379310344828,879.448275862069,879.3275862068965,879.2586206896551,879.4827586206897,879.448275862069,879.5344827586207,879.7931034482758,880.1379310344828,880.448275862069,880.4137931034483,880.3103448275862,880.0862068965517,879.9310344827586,879.9137931034483,880.2413793103449,880.0862068965517,880.4310344827586,881.3620689655172,881.9827586206897,882.9827586206897,883.5689655172414,883.6896551724138,883.5689655172414,883.9310344827586,883.9655172413793,884.7068965517242,91471.86801426871,103822.01902497027,101817.90249702735,102854.35196195004,106883.93370986919,113323.01902497027,120696.23454221165,125896.99881093935,129289.46521997622,142006.44976218787,147461.0692627824,164057.43787158144,168534.18103448275,185259.9729488704,186255.9729488704,196302.30826397147,196732.1831153389,198766.9456004756,204503.84453032105,211866.94649227115,220432.28180737217,219783.15130796673,224159.36414982163,228897.59453032105,228417.5576694412,229232.3177764566,230809.71581450652,249972.73959571938,258992.17835909632,274622.96670630196,286337.31747919146,303316.97532699176,329806.40903686086,336966.9063614744,344974.3210463734,365519.80291319866,378899.9004161713,406270.8171819263,434074.8790130796,477702.8790130796,510540.45214030915,570053.179548157,604185.2107609988,640761.4435196196,660189.8953626633,711388.6209869203
0,481,6.729968476295471,0.7546146154403687,-1.2955864085036686,-1.1966848566374086,-0.09890155186625989,27.614240544197088,0.4881660262650264,665.121216848674,1618.2771450858033,1145.6222308892357,15.263432892060951,False,5,0.28736723443603995,874.551724137931,876.9310344827586,878.051724137931,879.3793103448276,880.1896551724138,881.6551724137931,882.8965517241379,884.2586206896551,884.7586206896551,884.5344827586207,885.1206896551724,885.5689655172414,886.448275862069,886.9310344827586,888.1034482758621,888.8275862068965,889.0344827586207,889.4655172413793,890.1206896551724,890.0862068965517,890.8275862068965,891.6206896551724,891.8793103448276,892.4827586206897,892.9827586206897,893.3275862068965,894.0344827586207,894.7931034482758,895.2068965517242,895.6551724137931,895.8275862068965,896.6724137931035,897.2586206896551,897.6724137931035,898.1551724137931,898.2931034482758,898.8103448275862,900.1724137931035,901.5172413793103,902.7586206896551,903.7413793103449,905.948275862069,906.7758620689655,908.2241379310345,909.4310344827586,911.3275862068965,91471.86801426871,106582.02972651605,106660.94560047564,112608.64922711058,122957.53299643284,139853.36385255647,152496.7824019025,170175.50208085612,181451.42449464923,197857.24881093937,213359.864744352,252454.27972651605,269174.1438763377,288945.78834720573,295896.5065398335,317649.31510107015,321848.8263971462,328989.007431629,337516.4164684899,336246.1477407848,341649.83234244946,334046.2009512485,332206.1061236624,334023.4910820451,329992.5341854934,322870.84096313926,315344.757431629,338551.6468489894,348567.12960761,365731.5707491082,375231.8323424495,390182.46165279427,423004.6400118907,429970.6340665874,435135.475921522,473311.3106420928,475729.91230677767,512497.5564803805,557141.6634958383,619147.90725327,672694.2607015457,726203.7042211653,745832.001486326,786531.5187277051,828882.452140309,900681.9788941734
0,220,6.6866126537323,0.7625594198703766,-0.9337108215789276,-0.84060459918715,-0.09310622239177772,25.938639051947174,0.4602003305501958,566.1487758945386,1488.4737202533813,934.1028933401815,7.58016583484495,False,5,0.2870798672016039,874.551724137931,875.4827586206897,876.2931034482758,877.0172413793103,877.8275862068965,879.5344827586207,880.3793103448276,880.948275862069,881.6379310344828,881.7931034482758,882.4655172413793,883.2586206896551,883.5172413793103,883.9827586206897,884.3620689655172,884.9655172413793,885.3448275862069,885.8965517241379,886.2413793103449,886.3448275862069,886.5344827586207,886.6551724137931,886.7068965517242,887.4655172413793,887.948275862069,887.9827586206897,888.0862068965517,888.2586206896551,888.3103448275862,888.8103448275862,888.9655172413793,889.2068965517242,889.7586206896551,890.0,890.1379310344828,890.0689655172414,890.1896551724138,891.0689655172414,891.7068965517242,892.9827586206897,893.0172413793103,894.1206896551724,894.2241379310345,895.6034482758621,896.3965517241379,896.9137931034483,91471.86801426871,98062.14625445897,97150.13822829965,97713.32728894173,102969.52199762188,118103.38674197384,131355.44233055887,136708.32491082043,143719.8861474435,155674.12960761003,165009.4901902497,179067.70897740786,191794.38763376934,207189.98246135557,218300.6447681332,233355.8953626635,236514.50178359097,250068.12722948872,251535.803804994,248808.67419738407,251580.14536266346,247656.46730083233,238884.00029726516,234416.007431629,233339.18697978597,229618.56866825206,224801.97532699167,240984.01932223543,252430.76575505355,265925.3605826397,266023.4470868014,281710.99167657545,306792.2865636148,316943.9310344828,322058.80856123666,336694.7538644471,342728.3605826397,360961.2366230678,381438.37960760994,416675.6376337693,447290.3272889418,487208.10612366226,516636.38079667056,545706.3082639715,561942.8255053508,607255.9753269916
0,48,6.785927581787109,0.739758113026619,-0.9250772713290835,-0.8375175228255147,-0.08755974850356871,24.410561187101077,0.43487765724381355,547.2323686428772,1413.6267209890418,898.6538353470075,8.790756498789994,False,5,0.2867927873344023,874.551724137931,875.8103448275862,876.2758620689655,876.5862068965517,877.2931034482758,878.8965517241379,879.7758620689655,880.6896551724138,881.5172413793103,882.5172413793103,882.9827586206897,883.6206896551724,884.8103448275862,885.6551724137931,885.9655172413793,887.2241379310345,888.1034482758621,889.7068965517242,890.9827586206897,891.1896551724138,891.8275862068965,892.3793103448276,892.7413793103449,893.2068965517242,893.4137931034483,893.6379310344828,893.948275862069,894.7068965517242,895.1206896551724,895.8965517241379,896.3448275862069,896.9310344827586,897.7413793103449,898.551724137931,899.6379310344828,899.9655172413793,900.5344827586207,902.1551724137931,903.0,904.1379310344828,904.3965517241379,905.8965517241379,906.2068965517242,907.1206896551724,907.948275862069,909.3620689655172,91471.86801426871,100826.63644470868,98828.78596908442,92600.51843043996,91351.75891795481,94928.60998810938,101178.62217598099,110656.62782401901,121291.38763376932,135442.00832342452,143020.4307372176,155742.06302021403,166233.3950653983,181563.1569560048,186382.79191438764,200037.6911414982,205017.74791914385,216019.1727110583,224099.6031510107,219019.0157550535,219704.79785969082,217088.95957193815,213880.98483947676,213094.1985731272,210095.1391200951,206820.54131985732,206095.0835315101,223988.8968489893,228702.07164090368,245822.9548156956,247851.05350772888,264928.47800237813,286976.22621878714,299507.6266349584,313655.7137336505,334712.61950059445,347387.83501783595,360900.3724732461,372249.6896551724,395946.98097502976,428383.41171224735,474170.43757431634,504844.5089179548,531805.140606421,549391.9456004758,598867.9551129607
0,136,6.753987121582031,0.7101564109325409,-0.9032561588101531,-0.8202397821054683,-0.08301637670468497,23.477849491826774,0.4183718577421956,598.8087887989204,1456.9656713900135,996.4195344129555,13.67883508342111,False,5,0.2865059945470679,874.551724137931,875.9655172413793,875.6551724137931,875.2586206896551,874.9827586206897,875.0862068965517,875.2931034482758,875.4827586206897,876.051724137931,876.0344827586207,876.1034482758621,876.2241379310345,876.0689655172414,876.2586206896551,876.5862068965517,876.5,876.3275862068965,877.1551724137931,877.0344827586207,876.8275862068965,876.5172413793103,876.7758620689655,876.948275862069,876.6551724137931,877.0344827586207,877.2586206896551,877.3103448275862,877.4310344827586,877.1896551724138,877.3103448275862,877.1206896551724,877.2758620689655,877.1896551724138,877.3448275862069,877.448275862069,877.2241379310345,877.5172413793103,878.6379310344828,879.448275862069,880.2068965517242,881.0862068965517,881.6551724137931,880.9137931034483,880.9655172413793,880.948275862069,880.551724137931,91471.86801426871,112333.51605231865,109772.26040428063,105772.50208085611,109567.18935790723,110938.04429250893,113072.03478002378,116037.3531510107,123294.49732461355,135647.6195005945,144214.43757431628,168809.93252080854,179076.4090368609,194460.70897740783,204692.96670630205,215726.69827586206,222628.4961355529,232256.95868014268,235712.34363852558,235177.79785969082,240768.83590963142,232472.4152794293,227400.4283590963,228213.63971462546,227223.2401902497,225949.4675980975,215475.66230677764,232944.17627824016,239584.42954815697,246011.62782401906,256364.588882283,268879.06183115335,289540.4985136742,287641.01902497024,294358.59215219977,311642.2083828776,319918.93935790716,331765.57580261596,345270.55766944116,367993.19857312716,391274.8718787159,426980.01902497036,456935.6304994054,487097.8608799048,503937.29042806185,536573.2128418549
0,123,6.670196771621704,0.6567119359970093,-0.7551136631538099,-0.6726990228382058,-0.08241464031560412,22.847621722161033,0.4081423664449578,537.1561181434599,1450.5054852320675,904.5876582278481,10.93638096112432,True,5,0.2859332690639683,874.551724137931,875.4310344827586,875.1034482758621,875.0689655172414,874.9137931034483,875.2413793103449,875.2068965517242,874.8793103448276,874.6206896551724,874.4310344827586,874.3103448275862,875.1379310344828,875.051724137931,874.7931034482758,875.0,874.7241379310345,875.0344827586207,875.2586206896551,875.6034482758621,875.3275862068965,875.8448275862069,876.5,876.8793103448276,877.3448275862069,877.551724137931,878.2068965517242,878.551724137931,878.1724137931035,878.5689655172414,878.7758620689655,878.9137931034483,879.1379310344828,878.9655172413793,879.2931034482758,879.551724137931,879.6206896551724,880.2413793103449,880.9137931034483,881.7241379310345,881.9827586206897,881.8103448275862,881.9827586206897,881.5,881.7758620689655,882.3103448275862,882.5862068965517,91471.86801426871,105650.31420927467,104960.71343638525,108899.0986920333,116830.76843043994,121965.49346016647,125692.23305588585,129147.45095124852,130892.85612366229,139100.6590368609,142210.14506539833,156133.53269916767,159539.2559453032,162997.9916765755,154283.3103448276,151900.5445897741,146703.48156956,151338.4675980975,148608.5496432818,151142.2547562426,155664.47592152198,157849.00862068965,159704.86474435197,162460.53626634958,163777.41973840666,166399.6468489893,167673.62663495837,182626.3840665874,191668.79696789535,205029.03596908442,210477.59601664686,223581.8775267539,246832.3781212842,253120.89684898927,259820.93697978597,279750.58026159334,289780.04518430436,283572.2511890606,286126.7170035672,292214.39625445893,308993.2916171224,329926.8790130796,355433.25,376202.5532104637,380439.76575505355,412819.69084423303
0,178,6.691966795921326,0.6651493206620216,-0.714731555685933,-0.6376856924704267,-0.07704586321550612,21.21715857971485,0.37969562540271107,535.1789309267615,1480.4265879902812,861.1855258590767,7.632002002353899,False,5,0.28564733579490437,874.551724137931,874.5172413793103,873.7241379310345,872.948275862069,871.9310344827586,869.9310344827586,869.2586206896551,868.7413793103449,867.9655172413793,866.6551724137931,866.0,865.1551724137931,864.3448275862069,863.2931034482758,862.948275862069,862.1034482758621,861.5344827586207,860.7758620689655,860.5172413793103,859.6551724137931,858.6551724137931,858.3965517241379,858.2931034482758,857.5862068965517,857.1551724137931,856.8448275862069,856.7758620689655,855.8965517241379,855.4310344827586,854.8448275862069,855.0344827586207,854.2413793103449,852.8793103448276,852.551724137931,851.8620689655172,851.5344827586207,850.8620689655172,851.0344827586207,850.7413793103449,850.3103448275862,850.448275862069,849.4137931034483,849.4655172413793,848.551724137931,848.1724137931035,847.051724137931,91471.86801426871,97054.90487514864,93132.71700356719,92471.04904875149,91077.51248513674,94857.65041617122,99742.1572532699,102465.01932223543,110341.79191438764,122351.01902497027,128757.4827586207,142682.99316290132,156089.77764565995,169960.44857312719,172961.04904875142,187904.92033293698,192499.80053507726,198333.93252080856,197878.93935790728,201232.98454221163,210660.57074910818,209454.8599881094,212953.62098692034,212954.00118906068,219143.99316290134,220742.06212841853,220825.8635552913,237844.60998810938,247167.00386444706,259783.23454221163,251017.5505350773,262700.9417360285,286016.5199167658,284327.41973840666,288029.84304399526,302456.6626040428,312286.01545778837,309222.757431629,309311.26070154575,320420.2829964328,332914.48870392394,359322.79429250886,380298.2832936979,399971.4887039239,409506.55648038053,450043.08353151
0,289,6.800049757957458,0.7065566092729568,-1.0270575006084361,-0.9361114778223615,-0.09094602278607458,25.233696319625224,0.4486683279206891,656.1720819162023,1570.8419567262465,1098.9125841233085,14.970976008499935,False,5,0.2853616884591095,874.551724137931,875.2068965517242,874.5,874.7758620689655,873.5862068965517,872.6551724137931,872.3793103448276,871.6896551724138,871.0344827586207,869.6206896551724,869.2586206896551,868.3793103448276,867.6896551724138,866.9655172413793,866.5344827586207,866.3275862068965,866.6034482758621,866.2758620689655,866.1034482758621,865.8965517241379,865.2241379310345,864.8620689655172,864.6206896551724,864.8275862068965,864.448275862069,864.5689655172414,864.8793103448276,864.7931034482758,864.6206896551724,864.0689655172414,863.6379310344828,862.7241379310345,861.7241379310345,861.6724137931035,861.4137931034483,861.051724137931,860.2586206896551,860.6206896551724,861.0862068965517,860.9655172413793,860.8448275862069,860.6724137931035,859.3620689655172,858.7931034482758,858.3103448275862,857.3793103448276,91471.86801426871,111678.85374554104,106842.0775862069,101846.07045184304,106162.82877526754,111494.39833531511,115313.68370986919,123781.93816884664,131430.79191438764,147506.0285374554,159386.4675980975,183265.4768133175,193244.21403091555,210518.0677764566,214762.6281212842,224692.73751486323,223798.68757431634,229664.26872770512,232485.8168846611,230964.6789536266,238287.03596908442,237981.01545778837,233831.09750297267,235502.65992865636,234928.4197384067,234603.38317479193,235889.79577883478,254681.19857312719,259364.95957193812,281857.68489892985,299406.57580261596,315430.372175981,350007.6135552913,362817.9444114149,372705.41498216405,398751.186979786,406460.32966706296,406217.30439952435,407978.3201545779,417665.96432818077,435123.475921522,458257.73751486326,478331.9206302022,513941.3365041617,522520.6623067777,561142.5112960762
0,35,6.819862270355225,0.6882902070879936,-0.6707467049427609,-0.583977864320081,-0.0867688406226798,24.097481288644765,0.429652955626416,647.2782414735933,1448.083609152396,1069.3101885163333,13.033765236078143,False,5,0.28507632677065037,874.551724137931,876.1724137931035,876.1034482758621,875.8448275862069,875.051724137931,874.8103448275862,874.6379310344828,874.3620689655172,874.3103448275862,873.9827586206897,873.7931034482758,873.5,873.5689655172414,873.051724137931,873.0689655172414,872.551724137931,873.2241379310345,873.7758620689655,874.4137931034483,873.8103448275862,873.8103448275862,873.6551724137931,873.1206896551724,872.948275862069,873.1034482758621,873.3275862068965,873.9827586206897,873.4827586206897,873.2068965517242,872.7413793103449,872.5172413793103,872.0,871.1379310344828,870.8275862068965,870.4655172413793,870.0,869.3793103448276,869.2068965517242,869.0689655172414,869.1896551724138,869.1896551724138,868.4827586206897,867.6034482758621,866.8103448275862,866.5172413793103,866.4137931034483,91471.86801426871,109078.86682520808,105797.71343638524,102636.06212841856,104224.60077288942,106008.77437574317,106655.23097502971,104893.50683709868,110076.7657550535,120351.87901307967,122382.40546967897,136536.7672413793,141546.72800237813,147619.5662901308,145407.68489892985,150080.4887039239,151522.24286563613,153993.93252080856,151798.8632580262,151413.77437574317,156128.0157550535,153382.29488703923,152772.4164684899,152103.8766349584,149317.33412604043,151868.0133769322,147708.70659928655,156558.38763376934,159398.54340071345,174368.12277051128,177904.9738406659,192221.9655172414,216181.63614744353,218730.62544589775,220687.6281212842,242146.06896551725,244129.44233055887,247828.12960761003,251225.581450654,261145.39506539836,279445.8433412604,305197.93935790716,315134.9634363852,341683.5329964328,350162.59453032113,374035.6218787158
0,240,6.989525270462036,0.6876359298825264,-1.0126331828418935,-0.9238587928016362,-0.08877439004025735,24.650992764842144,0.4387216263925078,624.625468164794,1507.4463442436086,1039.1452532160886,13.461124822663647,False,5,0.2847912504438797,874.551724137931,876.3448275862069,877.448275862069,877.5689655172414,878.051724137931,879.2413793103449,880.1206896551724,880.9310344827586,881.0862068965517,881.1034482758621,881.051724137931,881.4310344827586,881.9310344827586,881.8965517241379,882.0344827586207,882.2586206896551,882.9827586206897,883.8793103448276,884.7241379310345,885.3275862068965,885.7413793103449,886.0689655172414,886.2241379310345,886.9827586206897,887.4827586206897,888.1551724137931,889.1034482758621,889.4655172413793,889.9655172413793,890.5344827586207,890.8103448275862,891.2068965517242,891.1551724137931,891.2586206896551,891.551724137931,891.9655172413793,892.448275862069,893.8620689655172,894.7586206896551,896.051724137931,897.448275862069,899.3103448275862,899.8793103448276,901.1551724137931,901.4655172413793,902.3793103448276,91471.86801426871,112330.32936979785,108697.90249702735,106609.03834720573,113431.04904875149,127502.2175980975,137660.4164684899,147719.99524375744,150155.04429250892,164917.19619500596,175107.46284185493,204278.79696789538,215164.47800237813,225863.33412604043,222523.41260404282,228413.67449464923,228540.63763376928,233795.65784780026,229420.44114149825,228765.2547562426,232835.3986325803,235646.71938168848,237517.6566587396,238525.3617717003,236626.24970273484,238545.33799048752,238191.16171224735,259577.04191438764,275650.58501783584,302251.4212247324,322768.9812722949,346896.577883472,388404.09661117714,402621.70897740783,416055.385255648,448608.10225921514,462158.55766944116,463428.01545778837,474837.079667063,497152.3593935791,525426.6956004757,561146.2485136742,588617.0716409037,600934.475921522,613144.73156956,659852.5112960762
0,165,6.98599009513855,0.6880190968513489,-0.8801804555781862,-0.7939966424760081,-0.086183813102178,24.072635538353325,0.42848052966992484,549.732910723719,1456.9182250396198,933.8427892234548,11.885599023366302,False,5,0.2845064591934358,874.551724137931,874.7413793103449,874.8965517241379,874.7758620689655,875.1896551724138,875.1379310344828,875.3275862068965,875.8793103448276,875.948275862069,875.9827586206897,876.1379310344828,876.9655172413793,877.3620689655172,877.4137931034483,878.1551724137931,878.448275862069,879.3275862068965,879.8448275862069,880.7413793103449,880.2241379310345,879.7931034482758,880.3620689655172,880.2068965517242,880.5689655172414,880.7931034482758,880.948275862069,881.2758620689655,881.0344827586207,881.6896551724138,881.3103448275862,881.7931034482758,882.0862068965517,881.5172413793103,881.6724137931035,881.8620689655172,881.7241379310345,882.0344827586207,882.7931034482758,883.4310344827586,884.2931034482758,885.3448275862069,885.6034482758621,885.948275862069,886.8620689655172,887.6379310344828,888.3620689655172,91471.86801426871,103047.22621878717,99904.81688466111,98810.62217598099,99963.1881688466,106123.22235434006,110745.04785969082,115058.96819262781,119637.49732461356,128039.4652199762,131924.6361474435,152573.1022592152,158426.47235434005,170203.7598097503,165700.30350772888,169873.86801426875,165957.53061831152,168310.4069560047,168441.19173602853,171221.07045184306,183369.75029726516,178581.12752675384,184666.68133174794,185759.31420927466,187721.1985731272,188388.56629013078,188864.9239001189,207805.2401902497,211726.6623067777,233752.28299643286,244478.61236623066,271422.5270511296,303382.146254459,310239.46165279427,323823.60166468495,348708.7859690845,358670.20570749114,376052.6813317479,389030.27972651605,409904.34512485133,433086.9155766944,471728.1013674197,505516.1524970275,531334.5671819262,546667.851664685,599593.8171819262
0,179,7.022977089881897,0.6901271179318428,-0.6968828673272791,-0.603555339846461,-0.09332752748081809,26.284330447330063,0.4651970454896809,544.9015377279771,1478.4843247109309,930.5827869829538,10.13570036197945,False,5,0.2842219527342424,874.551724137931,876.1896551724138,876.551724137931,876.448275862069,876.5862068965517,876.7413793103449,877.0172413793103,877.5689655172414,877.5172413793103,877.3275862068965,877.7068965517242,877.8103448275862,877.8275862068965,877.948275862069,878.2758620689655,879.0,878.948275862069,878.9827586206897,879.5689655172414,879.6551724137931,879.4827586206897,880.051724137931,879.8965517241379,879.8103448275862,879.9137931034483,880.1551724137931,880.3793103448276,880.2413793103449,880.1379310344828,880.1896551724138,880.1896551724138,880.0344827586207,879.7931034482758,879.8793103448276,879.7241379310345,879.3103448275862,879.4137931034483,880.0172413793103,880.0689655172414,879.948275862069,879.6379310344828,880.0172413793103,879.7931034482758,880.2413793103449,880.6896551724138,881.6034482758621,91471.86801426871,100524.53299643281,96350.69560047564,94508.52318668253,97858.41498216407,106573.98483947682,111245.0859096314,116881.00386444708,116977.59453032106,123730.46165279429,128483.48305588587,143817.98127229488,145149.7633769322,151689.7387039239,148540.95838287752,153118.1379310345,148919.66973840666,151439.60315101073,150401.96938168848,152385.46730083233,161600.4910820452,158906.49732461353,158292.43757431625,164534.05023781213,165933.63049940547,168905.78626634958,170502.58026159334,185568.63139120094,195012.08442330558,200204.0847205707,202661.70541022593,216966.48156956007,231552.09512485136,227966.65784780023,229270.0618311534,243156.2829964328,248742.89774078474,254409.08590963142,265644.3745541023,277361.0835315101,299906.29994054703,333258.7065992866,358289.68133174797,377908.7693222355,386319.5588585018,427072.37722948875
0,18,7.021314477920532,0.6258018344640732,-0.7034555686679259,-0.6136021356836918,-0.08985343298423429,25.272953235709988,0.448584674738828,569.127366952362,1474.9385090691649,960.5510265098665,10.56659975081905,False,5,0.28393773078150814,874.551724137931,876.6551724137931,877.1551724137931,877.9655172413793,878.448275862069,879.8620689655172,880.1551724137931,880.6896551724138,880.9655172413793,881.4137931034483,882.051724137931,882.1551724137931,882.6034482758621,882.6551724137931,882.8275862068965,883.2931034482758,883.448275862069,884.3103448275862,885.051724137931,885.2931034482758,885.7758620689655,886.0,886.051724137931,886.3793103448276,886.551724137931,886.8620689655172,887.5,888.1896551724138,888.4827586206897,889.4137931034483,889.5344827586207,890.0862068965517,890.4827586206897,890.9137931034483,891.2413793103449,891.551724137931,891.9137931034483,892.1206896551724,892.2586206896551,893.4827586206897,894.2068965517242,894.8448275862069,895.051724137931,895.3793103448276,895.6034482758621,896.1206896551724,91471.86801426871,104175.81212841855,99468.6483353151,94634.82639714627,95728.52318668252,101798.32580261593,100959.71730083236,104724.11058263973,106138.75743162901,111111.65636147444,114839.46284185494,123924.33799048752,130693.30826397146,136966.15695600476,138146.34958382876,139149.79340071345,139130.48870392388,141401.627824019,141562.3938763377,145769.5520214031,156086.070451843,157738.89655172414,160226.18697978597,162685.16646848992,168216.4542211653,171241.70511296077,182579.69827586206,201478.53299643283,209107.6634958383,224691.1046373365,224134.07639714627,242263.0098097503,266824.5945303211,277299.8718787158,282189.97621878714,305044.1783590963,318157.6304994054,321210.51991676574,322659.1917360285,343449.04280618305,366827.5089179548,402302.68281807366,434388.18697978597,465743.3388822831,477870.4117122473,514526.4164684899
0,201,7.054750108718872,0.6728248059749603,-0.914237325135881,-0.8162926801914072,-0.09794464494447373,27.891461284847427,0.4927686320736645,541.2036683785767,1504.6912692589876,923.0366837857667,8.824652350363301,False,5,0.28365379305072663,874.551724137931,875.2931034482758,875.7413793103449,876.6724137931035,877.2931034482758,878.5,879.5689655172414,880.2586206896551,880.5689655172414,881.0344827586207,881.7758620689655,882.1379310344828,882.9827586206897,883.5344827586207,884.3448275862069,884.9310344827586,886.0,885.9310344827586,885.9827586206897,886.1551724137931,886.3275862068965,886.6206896551724,886.6896551724138,886.7586206896551,886.8275862068965,886.8448275862069,886.9310344827586,887.0689655172414,887.0172413793103,887.1896551724138,887.2413793103449,887.3620689655172,887.5862068965517,887.6379310344828,887.7413793103449,887.6551724137931,887.7241379310345,887.7586206896551,887.9137931034483,888.1206896551724,888.5,888.7413793103449,888.6379310344828,888.3965517241379,888.5344827586207,888.6896551724138,91471.86801426871,99710.48305588585,98511.77794292508,98870.04785969084,104398.86236623066,117519.80172413793,124424.59007134364,128788.98483947683,126857.38317479192,133778.92984542213,132426.8290725327,139191.4292508918,142913.53418549345,141991.6970868014,142221.01902497027,147750.13317479193,145654.2068965517,149406.54696789538,146136.32728894174,152871.75178359094,167823.49613555294,175630.23543400713,179053.0760998811,185908.1486325803,192739.7288941736,197422.99316290134,204921.305588585,228210.09869203332,241337.49970273484,256434.9123067776,259719.28656361473,275392.2654577883,307256.2770511296,313899.57580261596,320897.4675980975,339921.98454221163,352858.820451843,354356.6658739596,355057.5270511296,376601.8992271106,395947.1465517241,430832.95035671815,447568.09304399526,471614.7220570749,487225.59363852564,516480.07609988103
0,85,6.984042763710022,0.6654483139514923,-0.6706437633233502,-0.5812855457226427,-0.08935821760070746,25.08141166269889,0.44612244194275896,534.6494674800952,1376.3316099679455,913.2415468927722,9.409711258840737,False,5,0.2833701392576759,874.551724137931,875.2758620689655,875.6551724137931,875.8793103448276,876.1379310344828,876.5862068965517,877.2241379310345,877.7931034482758,877.8965517241379,877.9655172413793,878.551724137931,878.7758620689655,879.0862068965517,879.1034482758621,879.5,879.6551724137931,880.0,879.9137931034483,879.7931034482758,879.6724137931035,879.5862068965517,879.9137931034483,879.7241379310345,879.6724137931035,879.6034482758621,879.5689655172414,879.551724137931,879.448275862069,879.3965517241379,879.1379310344828,879.1896551724138,879.3103448275862,879.0344827586207,879.2931034482758,879.1551724137931,878.6551724137931,878.4310344827586,878.4137931034483,878.3620689655172,878.5344827586207,878.7068965517242,879.2241379310345,878.9827586206897,878.7413793103449,878.7413793103449,878.6896551724138,91471.86801426871,99024.44114149822,91805.5707491082,85720.17508917955,84791.15338882282,89126.38049940547,88687.38079667064,90030.06064209277,89127.67895362664,95570.96432818074,95833.86801426874,107579.69114149822,108646.25118906064,109822.12722948872,108782.7327586207,115187.3983353151,114677.10344827586,116060.66498216409,113722.75029726516,115798.56510107015,123619.00118906064,130190.56153388823,133046.71700356717,137620.70303210462,142810.92895362663,145317.34869203332,150433.62663495837,167923.62663495837,180072.51516052315,192542.6361474435,200210.01575505352,213952.38644470868,236694.5505350773,242384.82788347203,244868.6483353151,260173.77764565992,265416.6935196195,270735.8287752675,275285.3689060642,284419.55915576697,297790.24167657545,324074.5187277051,342763.4652199763,366646.84690844227,379494.15725326986,412127.2829964328
0,192,7.264750599861145,0.7050670415163041,-1.0005349432405235,-0.91980567602635,-0.08072926721417334,22.27494266911425,0.3987755514765867,747.4930592279218,1468.323704389212,1178.106226864093,13.370037901347406,True,5,0.2828036823492998,874.551724137931,875.8965517241379,875.3448275862069,874.9655172413793,873.7068965517242,873.1551724137931,872.6551724137931,872.2413793103449,872.5172413793103,871.4827586206897,870.8965517241379,870.1034482758621,869.7413793103449,869.2758620689655,869.3965517241379,869.0344827586207,868.8103448275862,868.4137931034483,868.2068965517242,868.2068965517242,867.5689655172414,867.5862068965517,867.4655172413793,867.1724137931035,866.8275862068965,866.7931034482758,866.448275862069,865.9137931034483,865.3793103448276,865.6551724137931,865.3793103448276,865.0862068965517,864.4137931034483,864.0172413793103,863.4655172413793,862.5344827586207,862.2068965517242,862.2068965517242,861.948275862069,861.5172413793103,861.3620689655172,860.5689655172414,859.6206896551724,858.8620689655172,858.6724137931035,858.7931034482758,91471.86801426871,111490.26516052318,113141.50178359095,116967.41260404281,130863.79340071343,144784.02764565992,155118.1914387634,164530.3210463734,168996.62901307963,180630.66349583832,183465.57550535075,212191.8168846611,213062.12277051128,220911.40665873958,216342.03240190248,221943.10225921526,214236.73989298457,217645.82877526752,213191.71581450658,220970.26753864446,230500.2452437574,238686.65636147442,240645.52467300833,245064.3840665874,252929.8323424495,254660.5089179548,249346.86801426875,277311.7339476813,292088.6492271106,308226.7431629014,320110.5457788347,339160.2511890606,365206.8977407847,376677.7410820452,379579.4557074911,417100.83501783595,429843.0261593342,424047.8882282997,424300.98008323426,432021.1117717004,446526.19649227103,484598.3486920332,496756.3733650415,519945.1189060642,528498.5306183115,565093.1640903687
0,12,7.050574541091919,0.7066813707351685,-0.5150630649287902,-0.4325307116413252,-0.08253235328746492,22.871280645873313,0.4098453850778268,503.2634722222222,1382.8702777777778,843.6173611111111,6.494091122279912,False,5,0.2825208786669505,874.551724137931,875.3793103448276,875.551724137931,875.7241379310345,876.1206896551724,876.7413793103449,877.448275862069,877.8793103448276,878.5344827586207,878.6551724137931,878.9310344827586,879.2241379310345,879.948275862069,880.0862068965517,880.8275862068965,881.7068965517242,882.0172413793103,882.0344827586207,882.3275862068965,882.6206896551724,883.0,883.3448275862069,883.5862068965517,883.6724137931035,883.7586206896551,883.8275862068965,883.948275862069,884.1896551724138,884.2241379310345,884.8965517241379,885.2931034482758,885.6551724137931,886.1034482758621,886.8793103448276,888.0689655172414,888.2241379310345,888.7586206896551,889.3965517241379,889.9310344827586,890.4827586206897,891.4655172413793,892.1379310344828,892.551724137931,892.7586206896551,893.3448275862069,893.5862068965517,91471.86801426871,101359.37336504163,103156.38525564803,103646.06183115338,108845.17508917954,119116.01932223543,125467.69560047564,126893.2785374554,122692.69708680142,119599.5707491082,114859.0986920333,115659.10493460167,108243.63525564804,104790.87187871581,97159.69441141498,94904.79340071343,88565.9134958383,85220.13674197382,86341.87544589775,89963.26991676574,102644.0,104617.67419738407,110411.55291319857,115866.35820451844,120175.11414982163,123713.52199762188,124750.11801426874,138465.84334126042,146513.72562425683,146992.19619500596,141618.65546967898,147478.74316290132,158789.3341260404,158893.65784780026,157486.4780023781,161749.96700356717,161699.90725326986,166621.75653983353,169314.09869203324,176736.8014268728,185538.62812128416,206982.22235434008,221098.66111771704,234263.11414982166,240678.95005945303,265187.5529131986
0,51,6.967813467979431,0.704666742682457,-0.6175268686447827,-0.5350292518429359,-0.08249761680184654,22.952970621599352,0.40972856608299624,525.9897701287761,1386.7749428330726,878.0989288723072,8.631457515550862,False,5,0.2822383577882836,874.551724137931,875.0,875.4827586206897,875.4827586206897,875.551724137931,875.9655172413793,876.2241379310345,876.6896551724138,876.4137931034483,876.0,876.2068965517242,876.4655172413793,876.7586206896551,876.7931034482758,877.1379310344828,877.6206896551724,877.7068965517242,878.1551724137931,878.2241379310345,878.1724137931035,878.2068965517242,878.1551724137931,878.6034482758621,878.7931034482758,878.7758620689655,878.7413793103449,879.1379310344828,879.6206896551724,879.6551724137931,880.0689655172414,880.1379310344828,879.9827586206897,880.0172413793103,880.0172413793103,880.3965517241379,880.3620689655172,880.5,881.0,881.3965517241379,881.3965517241379,881.3275862068965,881.6206896551724,881.551724137931,881.2931034482758,881.4137931034483,881.8620689655172,91471.86801426871,99118.62068965517,95989.49108204519,95158.45659928657,95109.31629013081,98241.99881093935,96731.8290725327,99110.4209274673,97653.34601664684,98403.44827586207,97744.43995243758,104841.55915576695,102345.5279429251,103198.23305588584,99408.36028537455,100447.338882283,97909.2071938169,98760.37247324613,98248.76010701545,103580.17717003565,114381.06064209277,118959.26902497029,125930.99791914386,131798.40546967895,136079.65665873958,144268.1227705113,146276.0154577883,167754.16646848986,180427.3293697978,185315.7883472057,188585.60166468492,200653.94797859687,220727.12039239003,224077.6031510107,230246.41171224733,249850.95511296074,262321.6293103448,267739.3103448276,269387.3772294887,286873.03240190254,303989.77199762187,337612.8906064208,359036.4542211652,384668.655469679,396198.41498216405,425933.77407847793
0,32,6.912389659881592,0.710090634226799,-0.6442219679375265,-0.552118253527439,-0.09210371441008737,25.74594377965839,0.4571913361539733,518.2943833236827,1450.0013896931093,896.5373480023162,8.592843181648634,False,5,0.2819561194304953,874.551724137931,875.8620689655172,876.3965517241379,877.1724137931035,878.1896551724138,879.8620689655172,880.3965517241379,881.4827586206897,882.1551724137931,882.8448275862069,883.3965517241379,883.6379310344828,884.0862068965517,884.1551724137931,884.6206896551724,885.2586206896551,885.7758620689655,886.0689655172414,886.3620689655172,886.4827586206897,887.0862068965517,887.5344827586207,887.6724137931035,887.9827586206897,888.3448275862069,888.5344827586207,889.1551724137931,890.0862068965517,890.5172413793103,890.8965517241379,891.0172413793103,891.448275862069,892.1206896551724,892.9310344827586,893.5689655172414,893.7758620689655,894.4310344827586,894.8620689655172,895.3275862068965,895.7413793103449,896.2241379310345,896.9310344827586,896.7068965517242,897.5862068965517,898.3793103448276,899.6206896551724,91471.86801426871,105585.29131985732,102071.34274673008,101637.24613555291,107984.73989298454,120406.49821640905,124238.06688466112,129768.42211652796,127119.9931629013,128832.99316290132,126043.72205707492,127314.33442330558,125392.35463733651,125557.30350772891,116545.92508917955,117738.29518430437,110500.24286563614,107872.16765755053,104495.5413198573,113781.76694411416,124548.97532699168,129874.35225921523,135260.28923900117,137366.63763376934,141863.74316290132,149028.55915576694,153600.95868014268,174954.8029131986,185296.21521997626,186968.47205707495,184163.39625445902,186876.8335315101,202895.48543400716,204604.581450654,206831.62455410225,219587.69114149822,229056.62455410228,235121.56718192628,241594.04785969082,254186.98483947682,272857.27734839474,304974.4090368609,334285.5865041617,360260.7253269917,373206.4423305589,412142.06302021403
0,7,6.8965308427810665,0.6900156199932098,-0.514383953396215,-0.4319778527105461,-0.08240610068566885,22.871748702452805,0.40860454425798537,521.5517688460826,1376.8230227819968,897.6960548249676,10.653438517281897,False,5,0.2816741633110648,874.551724137931,874.4827586206897,873.5862068965517,873.1551724137931,872.0862068965517,871.0689655172414,870.2413793103449,869.8103448275862,869.5344827586207,868.3965517241379,867.6896551724138,867.2586206896551,866.9137931034483,866.051724137931,865.948275862069,865.5,865.2586206896551,865.0862068965517,865.5689655172414,864.7931034482758,863.6551724137931,862.9310344827586,862.5689655172414,861.8620689655172,861.2241379310345,860.5689655172414,860.1896551724138,859.2413793103449,858.5862068965517,858.4655172413793,858.5172413793103,857.7413793103449,856.3620689655172,855.6896551724138,855.0344827586207,853.6724137931035,853.0,853.5172413793103,853.7586206896551,853.5689655172414,853.5344827586207,853.2068965517242,852.1896551724138,851.1551724137931,850.8793103448276,849.5862068965517,91471.86801426871,103750.56004756242,99350.38049940548,96501.64833531511,93387.83739595719,94431.23662306779,94446.01070154578,91477.77437574317,90450.66260404281,94144.17033293699,94875.5933412604,105220.29518430441,104392.42360285374,105149.87663495837,103876.80766944116,106131.7327586207,103900.01932223544,102440.28567181928,100147.00386444708,106290.06064209275,113996.12247324614,117409.75386444709,118826.79696789538,123203.84304399524,125320.07045184306,130697.62455410228,133004.73989298454,145884.28656361476,152844.86325802616,157947.07639714627,160674.28418549345,172868.6400118906,188205.81718192628,194413.76575505352,195635.82639714621,212273.35820451844,221259.9655172414,223059.00832342452,224534.80380499407,229638.9004161712,241828.69708680143,263593.2330558858,282387.56747919146,293871.3379904876,301513.6233650416,324415.6563614744
0,48,6.956179618835449,0.7077176898717881,-0.6101575266468405,-0.534354635272529,-0.0758028913743115,20.912908742399257,0.3758839694172398,520.7785234899329,1433.288754296939,841.7024062858078,7.342315133230892,True,5,0.281111096658606,874.551724137931,875.6206896551724,876.3275862068965,876.5344827586207,877.1379310344828,878.7241379310345,879.2931034482758,879.7758620689655,880.1379310344828,880.8448275862069,881.448275862069,881.9310344827586,882.3793103448276,882.8103448275862,883.6034482758621,884.2413793103449,884.7586206896551,885.0689655172414,885.6034482758621,885.8275862068965,886.4137931034483,886.6896551724138,886.9655172413793,887.7068965517242,888.1379310344828,888.5,888.8275862068965,889.6206896551724,890.5172413793103,891.0689655172414,891.4827586206897,892.6206896551724,893.5344827586207,894.2413793103449,895.051724137931,895.4310344827586,896.0,896.2241379310345,896.4310344827586,897.2068965517242,897.9137931034483,899.0862068965517,899.6206896551724,899.9137931034483,900.3620689655172,901.2068965517242,91471.86801426871,100065.44233055887,100951.77199762188,102767.8350178359,110293.01545778835,119289.6135552913,123259.2416765755,130909.0014863258,131038.94649227112,135806.44143876337,135521.28180737217,142040.581450654,143646.47681331748,144488.63644470868,139896.23929845422,143447.59690844233,139916.70035671818,137929.4090368609,134601.72205707492,135370.07372175984,138739.31153388825,141629.45541022593,144277.6195005945,148197.2761593341,148013.36028537457,146055.4568965517,149281.21165279427,160231.51129607612,164199.0428061831,173705.40903686086,170828.93935790722,179312.2354340071,189274.90398335314,192550.11414982166,194740.73870392394,198651.34869203332,202059.8275862069,195432.20838287755,191489.90041617118,192752.75029726513,200208.04429250892,216952.45808561236,228322.5112960761,238176.32015457784,243075.92063020213,265784.30202140304
0,66,7.048618364334106,0.7186787873506546,-0.6462723187631387,-0.5624638741952839,-0.08380844456785472,23.263591933540404,0.41476470703827917,532.1646662171274,1452.815643964936,892.0488199595414,8.036982140626902,False,5,0.2808299855619474,874.551724137931,875.5344827586207,875.7241379310345,876.1551724137931,876.1551724137931,876.7413793103449,877.5172413793103,878.0344827586207,877.9310344827586,878.1896551724138,878.0862068965517,878.1551724137931,878.5,878.3965517241379,878.3965517241379,878.3448275862069,878.2931034482758,878.448275862069,878.6206896551724,878.6896551724138,879.3448275862069,880.0344827586207,880.1034482758621,880.2586206896551,880.7931034482758,880.7241379310345,881.1034482758621,881.1724137931035,881.4310344827586,881.3793103448276,882.1379310344828,882.1379310344828,882.2758620689655,882.4310344827586,882.8275862068965,882.8793103448276,883.2241379310345,883.6034482758621,883.8793103448276,884.5344827586207,884.7413793103449,884.9137931034483,884.5689655172414,884.448275862069,884.3965517241379,884.9310344827586,91471.86801426871,99644.04191438764,100431.02734839477,100110.16557669443,105970.64833531511,113436.84690844231,117436.31866825206,123680.99881093935,115510.20214030916,117224.8433412604,115938.59601664686,121026.16557669442,118551.21551724138,118372.79102259217,110542.23929845422,111687.2604042806,106307.58650416172,107243.45422116527,104797.44233055884,111337.66230677765,120066.15695600478,121416.06777645659,123530.644470868,129060.77794292507,129875.02615933413,133856.51010701546,139042.0237812128,155621.2461355529,163153.41765755054,178029.68370986922,178072.91200951245,195299.08442330555,220433.51010701546,228345.14179548158,233435.93579072534,247683.17508917954,254304.9325208086,254339.06688466112,261144.5543995244,273801.21432818077,291511.881391201,315736.0442925089,333818.41765755054,350672.4887039239,360820.2737812128,385911.1676575505
0,34,7.0720356702804565,0.8199977844953537,-0.6125211986333161,-0.5258248995954081,-0.086696299037908,24.067656493853704,0.42743200278224197,528.6618926958246,1386.8998567808746,906.9687121295582,8.970563303451925,False,5,0.28054915557638543,874.551724137931,876.5689655172414,877.6896551724138,878.2586206896551,879.3965517241379,881.3448275862069,882.2931034482758,883.2758620689655,883.7758620689655,884.3793103448276,884.6896551724138,885.3793103448276,886.448275862069,887.0344827586207,887.3620689655172,888.1206896551724,888.6896551724138,889.4310344827586,889.7931034482758,890.3620689655172,891.3793103448276,891.948275862069,892.3620689655172,893.2413793103449,894.2068965517242,894.7758620689655,895.3448275862069,896.5,897.2068965517242,898.1206896551724,898.448275862069,899.5,900.3275862068965,901.4655172413793,902.2413793103449,902.948275862069,903.6379310344828,904.4827586206897,905.1034482758621,906.0862068965517,906.7758620689655,908.6034482758621,908.948275862069,909.4827586206897,910.1724137931035,911.9137931034483,91471.86801426871,101908.72800237813,98391.55885850178,95389.67449464924,97492.894470868,98559.43281807374,102033.65546967895,102951.68252080856,100343.03596908443,104136.30439952438,105199.52437574317,112241.06302021402,111597.79904875148,113687.82639714624,110031.33442330558,113787.72681331748,114608.45541022593,116849.24524375745,114939.9916765755,121223.2309750297,132411.54577883473,135991.29042806182,143270.26545778837,150801.11414982163,153367.57788347203,157110.20838287752,161859.225921522,180589.4568965517,189986.88822829965,200430.24405469678,201458.4887039239,216360.14655172414,237885.22027348395,239237.69708680143,244775.07966706305,261095.11801426878,268069.7137336504,268256.90487514855,274554.2651605232,285764.3891200952,301655.96700356726,333884.170332937,360487.4283590964,391572.93935790716,406750.7288941735,437810.3546373365
0,3,7.024759745597839,0.6680443167686463,-0.5101720956217808,-0.42009955714353003,-0.09007253847825084,24.88881176153413,0.44289888770126545,507.74563106796114,1414.8582524271844,853.6071197411003,5.692203775073532,False,5,0.28026860642080903,874.551724137931,875.3448275862069,875.7241379310345,876.8793103448276,877.5,878.1724137931035,878.6551724137931,879.8448275862069,880.0,880.1379310344828,879.7586206896551,879.9655172413793,880.2068965517242,880.5172413793103,880.8448275862069,881.2413793103449,881.3103448275862,881.8448275862069,881.8103448275862,881.6896551724138,881.9137931034483,882.2413793103449,882.3448275862069,882.7758620689655,883.1896551724138,883.5,884.0689655172414,884.2758620689655,884.6896551724138,884.9137931034483,884.9310344827586,885.4137931034483,885.8793103448276,886.3965517241379,886.4655172413793,886.5862068965517,886.7586206896551,887.3965517241379,888.0862068965517,888.6379310344828,888.6896551724138,889.0862068965517,889.7758620689655,889.7931034482758,889.9137931034483,890.3965517241379,91471.86801426871,97037.0879904875,90857.78596908442,86939.00267538645,84833.66379310345,88338.45303210465,89217.77764565994,94104.5104042806,89928.93103448275,91823.49821640906,89808.63139120095,90820.82639714626,91339.30202140308,95295.45659928657,94689.1655766944,96795.80380499408,94586.17954815693,94964.37247324613,94379.25713436384,98730.5933412604,105684.83739595719,106953.07966706302,111179.15695600478,113978.55321046371,114198.56747919145,112544.49137931035,114871.13317479192,128035.51010701545,134221.24851367416,136054.3546373365,131271.9607609988,137284.72532699167,146756.31302021403,143384.44619500593,140808.76605231868,144538.03567181926,149626.70035671818,148480.79102259214,150427.73394768132,162411.98959571938,171247.00713436387,192671.4580856124,202538.31183115338,217412.26753864446,225986.90636147442,250646.44619500596
0,28,7.121704268455505,0.7021020799875259,-0.675352137535045,-0.5764611559857529,-0.09889098154929203,27.405053213203264,0.48655803964036354,532.9102849771315,1425.9900316641258,934.1844728509441,9.115411427885714,False,5,0.2799883378143882,874.551724137931,875.5172413793103,875.9655172413793,877.1551724137931,878.2068965517242,879.6206896551724,880.051724137931,881.2931034482758,881.3793103448276,881.3793103448276,881.7241379310345,882.0,882.2413793103449,882.2413793103449,882.3448275862069,882.3620689655172,882.6034482758621,882.6551724137931,882.7068965517242,883.1379310344828,883.2931034482758,883.3793103448276,883.3620689655172,883.5689655172414,883.8965517241379,883.9310344827586,884.0172413793103,884.1551724137931,884.2586206896551,884.4655172413793,884.5344827586207,884.7931034482758,885.1379310344828,885.2931034482758,885.3620689655172,885.2758620689655,885.5,885.551724137931,885.6724137931035,886.0862068965517,886.7068965517242,887.2758620689655,887.0172413793103,886.9137931034483,887.3793103448276,887.551724137931,91471.86801426871,101230.6634958383,93822.757431629,85748.61385255649,81854.37098692032,83392.37336504161,85519.2559453032,87850.34512485136,91439.13198573129,97376.06302021402,99253.19976218787,111408.55172413793,115249.5624256837,120630.07966706302,120429.81212841856,128735.74821640903,125938.06688466111,127024.98454221166,125345.41409036862,133840.49821640903,145330.8968489893,148594.6492271106,154699.19649227112,162769.0728299643,164752.9548156956,169531.23662306776,170532.81004756247,191144.6483353151,202181.2951843044,213639.8005350773,215852.17984542213,234174.2675386445,261436.77407847802,262582.6554696789,266546.85166468495,289100.6480380499,294863.9396551724,301902.69560047565,310129.28923900117,327349.76843044,350000.24167657556,389871.75148632575,417300.8790130797,446161.8029131985,459996.890606421,500590.5576694411
0,2,7.098477077484131,0.7299444675445557,-0.5342806501013115,-0.456917061342924,-0.07736358875838749,21.337157997582654,0.38274173323841704,529.5678377606398,1358.948586118252,861.9487289345901,7.7641262049494815,True,5,0.27942864112709725,874.551724137931,875.2068965517242,874.948275862069,874.8448275862069,874.6551724137931,874.2586206896551,873.8620689655172,873.8275862068965,873.6206896551724,873.3275862068965,873.2758620689655,873.3620689655172,873.0344827586207,872.6551724137931,872.6724137931035,872.3448275862069,872.1551724137931,872.2758620689655,872.551724137931,872.3620689655172,872.0172413793103,872.3965517241379,872.3965517241379,872.7586206896551,872.8620689655172,872.9310344827586,872.7413793103449,872.3448275862069,872.0862068965517,871.7586206896551,871.7586206896551,871.3793103448276,870.7931034482758,870.8448275862069,871.0172413793103,871.1034482758621,870.7758620689655,870.6379310344828,870.5344827586207,870.3103448275862,869.948275862069,869.4137931034483,869.0689655172414,868.9137931034483,868.7241379310345,868.3448275862069,91471.86801426871,102430.43995243758,104269.77318668253,103860.37247324613,109007.29488703923,118071.6400118906,123795.11890606422,130173.9013079667,129045.75267538645,133823.4616527943,135331.19976218787,143556.74821640903,143717.75743162903,145638.39833531508,137501.04785969085,136120.12247324613,130903.26902497029,128527.06183115336,125678.35077288943,128368.1620095125,132654.9479785969,135402.3772294887,135746.8599881094,140815.90725326992,142951.49821640903,141892.02972651605,138925.19173602856,148184.81212841856,156650.59601664686,164269.42449464923,164006.04518430438,174503.6837098692,191317.1640903686,196697.82074910818,196959.5686682521,207367.92033293698,213179.89803804993,207566.43787158147,208654.3522592152,217993.00713436387,228540.01456599287,246237.17360285373,262877.47800237813,278360.69946492265,286348.7514863258,309744.6397146255
0,144,7.269336080551147,0.7077066868543624,-0.6459100070928636,-0.549367656554058,-0.09654235053880565,27.035589960744492,0.4801352924992552,539.7302637017442,1497.006365214516,977.2054228321072,11.752170544811564,False,5,0.27914921248597013,874.551724137931,875.6206896551724,875.6724137931035,875.8793103448276,876.1206896551724,876.7241379310345,876.8793103448276,877.1379310344828,877.0172413793103,877.2241379310345,877.6034482758621,877.6206896551724,877.7413793103449,878.2068965517242,878.7068965517242,879.2413793103449,879.6724137931035,880.2758620689655,880.5344827586207,880.4827586206897,880.7586206896551,880.8448275862069,880.7931034482758,880.9137931034483,881.3965517241379,881.551724137931,881.6896551724138,882.0689655172414,882.4827586206897,882.7758620689655,883.3620689655172,883.6206896551724,883.7413793103449,883.8965517241379,884.3448275862069,884.2758620689655,884.5344827586207,884.6034482758621,884.7586206896551,885.0172413793103,885.1206896551724,885.9827586206897,885.4310344827586,885.1551724137931,885.6724137931035,886.2413793103449,91471.86801426871,111823.06302021402,115432.3237217598,119667.31302021402,127973.79577883473,141259.30321046372,143916.6233650416,149322.3258026159,141866.84453032102,143636.55321046375,139446.72205707492,149289.3733650416,140407.32966706305,131144.1640903686,119185.96581450653,116846.14863258025,107571.11682520807,101677.51010701546,98820.93846611178,107246.07728894174,121221.87277051128,124948.37247324613,128760.6813317479,133016.07877526755,135891.2048156956,139807.93697978597,138418.7657550535,149795.92627824022,154980.59453032108,163253.62217598097,166411.19649227112,173406.61474435194,189706.2951843044,188388.71343638527,188965.88109393578,201798.95838287752,203497.8350178359,188495.6875743163,178412.4934601665,177803.01694411415,187661.96819262783,203057.74108204522,214304.8659334126,225595.6138525565,231643.80648038047,250917.6658739596
0,6,7.2515037775039675,0.7128753870725631,-0.6424612096395903,-0.5536588685610686,-0.08880234107852161,24.527313106406652,0.43829830232853106,537.5338015060496,1406.9938235045265,947.1715881208224,12.896873322545794,False,5,0.2788700632734842,874.551724137931,876.4137931034483,877.5344827586207,878.1379310344828,878.5344827586207,879.6724137931035,880.5,880.8103448275862,881.2758620689655,881.7931034482758,882.0344827586207,882.3965517241379,882.7758620689655,883.0344827586207,883.7068965517242,884.2413793103449,884.4655172413793,885.1379310344828,885.4655172413793,886.0172413793103,887.4310344827586,888.051724137931,888.6896551724138,889.1034482758621,889.551724137931,889.9137931034483,890.4310344827586,891.0689655172414,891.5344827586207,892.1379310344828,892.3103448275862,892.8620689655172,893.5689655172414,894.0862068965517,894.8103448275862,894.8965517241379,895.2931034482758,896.0,896.7586206896551,897.1551724137931,897.6206896551724,898.948275862069,899.0344827586207,899.6896551724138,900.0,900.7068965517242,91471.86801426871,107600.03567181926,108176.90398335316,107265.77407847799,118251.69708680143,124964.35820451843,128467.31896551725,132877.153686088,133241.30321046375,138282.853745541,135032.48156956004,148936.89447086802,145646.55321046372,148257.06777645665,138967.5520214031,136558.76932223543,127111.76605231865,128622.29131985732,122989.35225921523,130328.67211652795,145125.96938168848,146000.01456599284,151331.903686088,154718.0582639715,159703.55766944116,159853.5615338882,157591.45214030918,174646.37455410225,183577.9729488704,191081.29131985732,191143.2829964328,200114.53269916767,225047.3831747919,226547.59601664686,225334.05023781213,243752.23067776457,251476.31064209278,249251.72413793104,240947.3900118906,249946.20005945305,259946.51129607606,278475.8421521998,288780.0332936979,305226.2829964328,311953.2068965517,337901.93133174797
0,1,7.221490216255188,0.6251360535621643,-0.4878293013824174,-0.39182992473078765,-0.09599937665162978,26.630912705393822,0.4741686890417589,517.5764356125802,1433.0078235017993,886.211234548584,6.392866104972932,False,5,0.2785911932102107,874.551724137931,876.1896551724138,877.2413793103449,878.3275862068965,879.9137931034483,882.4137931034483,883.6034482758621,885.1206896551724,885.8793103448276,887.3965517241379,887.8965517241379,888.8793103448276,889.7413793103449,890.948275862069,891.4655172413793,892.3620689655172,892.8620689655172,893.6206896551724,893.9827586206897,894.6034482758621,895.7931034482758,896.7758620689655,897.7413793103449,898.8620689655172,899.7241379310345,900.4310344827586,901.3620689655172,902.8965517241379,904.2241379310345,905.4827586206897,906.2068965517242,907.5172413793103,909.0,910.0344827586207,911.0862068965517,911.8965517241379,912.9655172413793,913.9827586206897,914.6379310344828,915.5862068965517,916.6034482758621,918.5172413793103,919.3103448275862,920.0862068965517,920.6896551724138,922.5689655172414,91471.86801426871,100496.05023781212,93823.42449464923,93005.9788941736,97315.45808561236,105943.41498216409,105909.68757431628,109914.72681331748,106342.10612366229,110238.61860879905,104810.19619500593,106837.17508917955,102142.67449464924,100871.35939357907,94541.9729488704,95959.23097502973,91068.56718192626,89568.02853745542,90832.91349583828,96498.06688466112,109058.02615933413,113957.62217598097,117189.19173602853,123352.84304399525,125683.37217598097,128372.62455410225,129296.12752675387,144656.50653983353,152692.38079667065,152134.00832342447,143679.68133174794,149389.35315101073,161087.2068965517,160131.89536266346,161210.2511890606,167657.74791914388,171038.61950059453,170232.15487514864,167212.67925089182,175101.79429250892,185500.7220570749,204620.73246135554,220902.0760998811,233695.42360285379,243010.4554102259,274563.9693816885
0,2,7.158854985237122,0.648676547408104,-0.46463618689074393,-0.3547979938230329,-0.10983819306771102,30.6152027576513,0.5412561209356566,520.6177170035672,1509.912455410226,938.5570749108205,5.972114104854999,False,5,0.2783126020170005,874.551724137931,875.1724137931035,875.948275862069,876.7758620689655,877.7413793103449,878.4655172413793,879.5,880.2413793103449,880.6379310344828,880.3793103448276,880.6034482758621,881.051724137931,881.5689655172414,881.9827586206897,881.9827586206897,882.0689655172414,882.8965517241379,883.2068965517242,883.2413793103449,882.9827586206897,883.7413793103449,883.6724137931035,883.5689655172414,883.5,883.448275862069,883.6379310344828,883.6379310344828,883.6206896551724,883.5172413793103,883.6206896551724,883.6724137931035,883.6034482758621,883.6379310344828,883.5344827586207,883.3793103448276,883.1896551724138,883.1551724137931,884.7068965517242,886.4827586206897,887.8448275862069,888.7931034482758,890.051724137931,889.7068965517242,890.4655172413793,890.4655172413793,891.1379310344828,91471.86801426871,99891.0737217598,90237.73870392391,84145.17390011891,81370.0882877527,84915.28329369798,87466.00862068965,85715.80380499407,85549.09304399524,89128.54577883473,87621.75653983353,92923.53180737219,94841.24524375744,97623.94797859693,93782.2928061831,97793.89179548157,95881.2996432818,97410.92271105826,96949.59690844233,106443.67211652795,119956.29518430441,126012.35820451842,134210.2107609988,140758.49137931035,146017.45422116533,154530.67925089176,161277.43787158147,182592.30439952438,191911.5255648038,199823.54577883476,197827.56510107013,211238.9979191439,232636.29994054695,236362.80053507732,241419.6837098692,255777.80885850178,268266.9586801427,264368.4830558858,259622.87039238997,268580.33799048746,279926.3709869204,307203.186979786,324532.7244351962,343259.7660523187,356494.9729488703,396112.774078478
0,33,7.1139297723770145,0.6228933736681939,-0.5305361774299173,-0.4410798844903759,-0.08945629293954147,24.811886520807924,0.44273451249924634,526.9628704341833,1413.4965541006202,937.6629048931771,10.831039670034958,True,5,0.2777562551255685,874.551724137931,875.8275862068965,876.4137931034483,876.4655172413793,876.8275862068965,877.7241379310345,878.4310344827586,879.0,879.1034482758621,879.0689655172414,879.2758620689655,879.4310344827586,879.9655172413793,880.3793103448276,880.4655172413793,880.6724137931035,881.0344827586207,881.7931034482758,882.1896551724138,882.3448275862069,882.6724137931035,883.1551724137931,883.6379310344828,884.0,884.1551724137931,884.448275862069,884.6551724137931,885.1379310344828,885.448275862069,886.1379310344828,886.8793103448276,887.7586206896551,887.8620689655172,888.1551724137931,888.7931034482758,888.6206896551724,888.8620689655172,889.2586206896551,889.3620689655172,890.051724137931,890.0689655172414,890.8620689655172,890.4137931034483,890.7413793103449,891.0689655172414,891.8620689655172,91471.86801426871,106724.62544589772,107318.17360285374,107994.62812128419,115360.97027348395,119446.47562425683,118873.00386444708,118050.1724137931,114404.67895362664,120274.4090368609,118386.4066587396,131173.8659334126,124292.72294887037,123339.1664684899,113293.35225921523,112252.49613555292,107450.30915576697,107002.95719381688,102923.05023781213,103251.95005945304,109312.70303210462,103897.26902497029,103806.54131985732,106251.79310344828,108523.92419738405,108114.90249702735,108718.32936979787,118585.91200951248,119243.79904875148,124772.87752675386,125641.38198573128,136510.11414982163,152819.91200951248,155976.33799048755,156382.1985731272,171871.51129607612,177886.32580261593,172219.0882877527,175114.88614744353,178345.08353151014,192731.82282996434,208683.53269916767,226153.24256837097,244276.74346016644,249899.2366230678,273853.77407847805
0,15,7.172573494911194,0.6439617961645127,-0.513092750159458,-0.4106507943285884,-0.10244195583086962,28.544335283588406,0.5062164057825211,513.886772374162,1507.6876662764712,938.8323933170161,7.9434661228989,False,5,0.27747849887044296,874.551724137931,875.4827586206897,875.4827586206897,875.3448275862069,875.0689655172414,875.7241379310345,875.8275862068965,875.8965517241379,875.3620689655172,874.8793103448276,874.8103448275862,874.5689655172414,875.2586206896551,874.948275862069,874.8620689655172,874.551724137931,874.448275862069,874.2931034482758,874.3275862068965,874.1206896551724,873.8275862068965,873.6896551724138,873.3448275862069,873.2413793103449,873.0689655172414,872.8448275862069,872.9827586206897,872.6896551724138,872.3793103448276,872.3275862068965,872.1379310344828,872.0344827586207,871.551724137931,871.5172413793103,871.3620689655172,870.4310344827586,870.051724137931,870.1551724137931,871.3965517241379,871.5862068965517,871.2241379310345,871.1896551724138,870.2241379310345,869.9310344827586,869.7758620689655,869.5344827586207,91471.86801426871,105376.21521997622,97159.42211652793,89547.81212841853,91845.99524375744,93897.88941736029,88521.41854934601,80858.644470868,79088.26545778837,82159.9337098692,78564.46403091557,84179.00386444709,81107.98483947682,81604.87663495839,79728.70511296076,81245.97146254458,76412.28180737217,77543.4140903686,75871.80648038049,80904.79577883471,90283.62544589773,94572.52437574315,100088.84661117717,107336.7348394768,113917.16765755053,119097.71730083232,126863.32728894174,141124.38644470868,149270.92508917957,155159.0823424495,156449.36028537457,165370.37812128416,177195.31629013078,173791.31866825212,173406.02407847802,182892.96938168842,182581.63525564803,164934.0621284185,153814.68757431634,154027.3460166469,157307.38079667062,171639.2226516052,186099.82907253274,199888.65041617124,202775.51872770512,216526.04191438764
0,11,7.230388045310974,0.5896273016929626,-0.4470294740112521,-0.33338100442102353,-0.11364846959022855,31.97482072689767,0.5633990545644444,493.3501905448553,1561.9180142136163,955.3559583891235,8.288635968020484,False,5,0.2772010203715725,874.551724137931,874.8620689655172,875.4655172413793,875.6896551724138,875.2758620689655,875.6724137931035,876.0172413793103,876.0172413793103,876.0344827586207,875.9310344827586,875.7068965517242,875.3103448275862,875.0862068965517,874.8965517241379,875.3103448275862,875.2241379310345,875.2586206896551,875.4310344827586,875.6379310344828,875.3620689655172,875.0344827586207,874.9310344827586,875.0689655172414,875.4137931034483,875.3965517241379,875.1724137931035,874.948275862069,874.5172413793103,874.1206896551724,873.7758620689655,873.6724137931035,873.3793103448276,872.8965517241379,873.0344827586207,872.7241379310345,872.3620689655172,871.9827586206897,872.5172413793103,873.2413793103449,874.2931034482758,873.9827586206897,873.8965517241379,873.2931034482758,872.8793103448276,872.6551724137931,872.2068965517242,91471.86801426871,104903.70511296076,97433.93846611177,87263.52437574317,84640.37217598097,87061.8409631391,80937.18935790726,77368.56866825208,74401.30915576697,77432.0986920333,74698.03478002377,83142.04161712248,82765.76843043996,83821.60998810938,80381.0760998811,81265.96700356719,77883.08828775269,76536.72800237812,71399.23097502973,76907.3689060642,86756.96432818074,95277.68489892985,101467.06420927467,109776.86325802616,115089.5151605232,118198.59096313911,122964.29042806184,139818.8359096314,152003.72681331748,148840.3807966706,138735.25475624256,141994.85612366232,155428.67895362663,152732.033293698,156679.68252080856,163304.33442330555,166588.9479785969,151880.8359096314,139414.2175980975,139530.17271105826,145129.2928061831,161094.50653983353,176308.03478002382,193224.34750297267,200284.98454221163,226331.9916765755
0,2,7.039117002487183,0.5777604788541794,-0.36173404157243855,-0.24469627658589574,-0.11703776498654272,32.96117646669286,0.5811477081332832,477.4750773993808,1536.9013931888544,942.5597523219815,5.185391060355433,False,5,0.2769238193512009,874.551724137931,874.8965517241379,875.3620689655172,875.6724137931035,875.7758620689655,875.7241379310345,876.3275862068965,876.6206896551724,876.6551724137931,877.0862068965517,876.8965517241379,877.3103448275862,877.2931034482758,877.1206896551724,877.1896551724138,877.1379310344828,877.0172413793103,877.2068965517242,877.1206896551724,877.1724137931035,876.948275862069,876.7931034482758,876.6034482758621,876.6034482758621,876.3275862068965,876.1896551724138,876.0689655172414,875.8103448275862,875.551724137931,875.448275862069,875.7241379310345,875.6206896551724,875.3448275862069,875.3620689655172,875.1724137931035,875.0172413793103,874.8103448275862,874.7068965517242,874.7241379310345,874.5172413793103,874.2068965517242,874.1379310344828,873.8448275862069,873.8620689655172,873.8448275862069,873.5689655172414,91471.86801426871,99753.6099881094,87426.26545778835,76856.15130796672,70990.31183115338,72312.88941736027,69794.53061831155,70849.0285374554,65000.743162901315,60753.32015457788,59457.67895362664,58455.00713436385,55287.448573127236,54507.140606420915,49668.0157550535,50141.946492271105,49019.84453032105,47697.543400713446,46894.588882283,48235.211652794285,52843.80766944114,54091.64684898929,54870.27378121285,57295.2048156956,59231.46165279429,61201.670927467305,61691.68489892984,69294.18816884662,74851.35077288942,77883.1438763377,75693.2342449465,80203.06302021402,91186.19143876337,92128.3689060642,95367.00475624256,99980.87901307968,104011.11920332938,102344.37960760998,101979.16527942925,110475.38763376932,119006.40546967895,138425.01545778834,148553.47592152198,158911.9120095125,166931.3724732461,189091.69351961953
0,10,7.0625018119812015,0.5899801462888717,-0.5069056428533771,-0.3627657104368957,-0.1441399324164814,40.69457276384997,0.7118562038728959,518.7448175432585,1622.6616412540689,1089.2199760150763,9.810438209401912,False,5,0.27664689553184973,874.551724137931,876.5689655172414,877.3103448275862,878.3793103448276,879.0862068965517,880.4655172413793,881.4137931034483,882.8103448275862,883.4655172413793,883.551724137931,884.0344827586207,884.0862068965517,884.3793103448276,884.7758620689655,885.1724137931035,885.5344827586207,886.0862068965517,886.6034482758621,887.051724137931,886.8793103448276,887.1896551724138,887.1896551724138,887.2931034482758,887.7241379310345,887.6724137931035,887.8103448275862,888.4137931034483,888.5689655172414,889.1551724137931,889.7068965517242,889.8448275862069,889.948275862069,889.6724137931035,890.0,890.6379310344828,890.5344827586207,890.4137931034483,891.4655172413793,892.1379310344828,892.1896551724138,892.4310344827586,892.6551724137931,892.3448275862069,892.5689655172414,892.7068965517242,893.2931034482758,91471.86801426871,102862.3486920333,92498.76575505351,85006.89060642093,77409.49256837099,81528.00743162901,81140.69084423303,84371.39506539833,82380.80053507727,80922.28180737217,76324.48156956004,81693.73394768132,82960.20095124852,85324.8290725327,82974.7288941736,84495.73156956007,80484.56153388822,81979.92895362663,79278.01456599284,84139.31302021403,93117.36058263971,95328.80885850177,97259.48305588585,98914.71700356719,101439.11682520808,103714.63644470868,105721.13912009512,116234.00386444709,123091.68281807374,132871.2416765755,136862.82074910818,149166.94560047568,170137.42717003572,175097.06896551725,178326.02407847802,195274.24881093937,203839.3804994055,199514.73156956004,199483.84304399526,206605.70541022593,221242.4866230678,246421.26040428065,265671.53626634955,297603.3142092747,312839.41409036866,344955.4830558858
0,26,7.201100897789002,0.6547457724809647,-0.5974387051557318,-0.5032386397487312,-0.09420006540700074,26.376815605478836,0.4673314505931323,513.4660471765546,1475.3781272337385,909.0620443173696,6.728666194059369,True,5,0.27609387838768157,874.551724137931,875.8275862068965,875.9310344827586,875.8793103448276,876.2586206896551,876.6034482758621,877.0862068965517,877.4827586206897,877.7068965517242,877.8965517241379,877.9655172413793,878.1379310344828,878.2758620689655,878.551724137931,878.8793103448276,879.1551724137931,879.5,879.6206896551724,879.6379310344828,879.8620689655172,880.051724137931,880.4827586206897,880.8793103448276,881.1206896551724,881.2241379310345,881.6034482758621,881.7241379310345,882.2931034482758,882.4137931034483,882.8620689655172,882.948275862069,883.1379310344828,882.9827586206897,883.1896551724138,883.9137931034483,883.8620689655172,883.9310344827586,884.0,884.4137931034483,884.948275862069,885.0344827586207,885.3448275862069,885.2931034482758,885.3448275862069,885.5689655172414,885.7931034482758,91471.86801426871,104430.9013079667,106472.58145065398,112088.69233055889,119743.84690844233,133686.92895362663,135569.97532699167,136040.73246135554,133568.37960761,137793.4720570749,133291.96432818074,135393.25683709868,124823.096313912,122226.41973840665,113638.93370986919,112560.57936979785,105991.66379310345,106625.09750297264,100681.47235434006,104414.63614744351,110650.11801426874,111409.35315101068,115377.03715814509,117293.00267538645,116806.89803804991,117481.20481569562,115322.23424494649,131917.5865041617,140808.17360285373,151266.94649227112,149791.77318668252,158170.04994054697,174680.08590963142,175624.56747919144,178058.80291319857,186122.9464922711,193824.40903686083,188776.1379310345,185958.89774078477,192610.08353151008,201429.96432818074,223590.26040428065,233091.0002972652,244680.22592152198,247432.41765755054,266241.853745541
0,30,7.361063408851623,0.6017345890402794,-0.497361001024559,-0.386860044944089,-0.11050095608046999,30.962215958092848,0.5459139064233206,702.017967179088,1521.3278199390284,1215.9158720892522,11.570308656609162,False,5,0.2758177845092939,874.551724137931,877.6206896551724,878.1896551724138,878.5344827586207,879.4310344827586,880.7758620689655,881.6034482758621,882.2931034482758,882.8448275862069,882.9655172413793,883.4137931034483,884.1551724137931,884.9310344827586,885.3793103448276,885.7931034482758,886.1206896551724,886.3793103448276,886.7241379310345,887.2586206896551,887.7586206896551,888.6724137931035,889.3620689655172,889.8103448275862,890.2241379310345,890.5689655172414,890.9827586206897,891.4310344827586,892.2586206896551,892.8103448275862,893.551724137931,893.8448275862069,895.0344827586207,895.2241379310345,895.948275862069,896.5862068965517,896.8448275862069,897.5689655172414,897.8620689655172,898.1206896551724,898.6896551724138,899.0862068965517,900.0172413793103,900.0,900.1379310344828,900.5172413793103,901.6724137931035,91471.86801426871,111014.58026159335,112108.05023781212,116483.07639714626,122492.48662306777,125524.38079667061,120829.65309155766,118132.34512485136,113447.64833531511,112686.86087990488,108869.20808561238,122919.68281807372,118903.85731272295,124863.54577883471,119811.23305588585,123719.89922711058,120405.54577883471,120942.88941736027,115974.22621878715,120296.80380499405,126189.59958382878,128127.47235434006,131671.6709274673,133494.76010701546,133093.96938168842,130014.60315101068,130707.1762782402,146964.32966706302,154973.39506539833,160915.04042806185,159303.82074910818,166654.30915576694,181244.20838287752,179486.84215219977,180527.86325802616,195641.51040428062,197588.59007134364,191439.60166468492,189864.3475029726,194360.59334126042,206769.25118906068,221967.15487514864,231554.41379310345,258169.8430439953,265786.6979785969,289943.28923900117
0,56,7.424571418762207,0.631345909833908,-0.6054151503411053,-0.46738469960980994,-0.1380304507312953,39.01983019797453,0.6826791616522316,637.1048504614531,1604.1979043785998,1212.6820484352231,13.288385626046324,False,5,0.2755419667247846,874.551724137931,876.5344827586207,876.9310344827586,877.3965517241379,878.2586206896551,879.7068965517242,880.8103448275862,881.3620689655172,881.7068965517242,881.8448275862069,882.1724137931035,882.448275862069,883.0689655172414,883.5344827586207,884.4137931034483,885.3103448275862,885.6724137931035,886.3103448275862,886.5172413793103,886.8275862068965,887.2586206896551,887.8448275862069,888.0172413793103,888.3793103448276,889.448275862069,889.9827586206897,890.6379310344828,891.4655172413793,891.6379310344828,892.2241379310345,892.2758620689655,892.9655172413793,893.4137931034483,893.8620689655172,894.3793103448276,894.3275862068965,895.051724137931,895.8103448275862,896.4310344827586,897.6379310344828,898.1379310344828,899.3965517241379,899.7931034482758,899.8793103448276,900.1724137931035,901.0344827586207,91471.86801426871,119766.38674197384,120802.54696789537,121702.23929845422,128069.53656361473,134158.86236623066,137662.08472057077,133466.23097502973,124976.20719381688,123770.54488703923,115654.5564803805,119627.10939357909,113965.51248513674,114586.90398335316,111410.03567181925,113067.11058263973,110079.7719976219,110765.90368608802,108466.73246135552,109838.93579072531,116202.88139120096,117093.68281807374,121677.84453032103,123171.37336504163,124663.38525564803,125154.84453032105,124853.74821640905,133967.97294887036,134457.16200951248,143105.48424494648,147623.33769322236,159865.34363852558,181140.13912009512,184429.56718192628,185425.71819262786,199424.87544589775,201008.7042211653,191683.0847205707,183006.10731272295,178786.57580261593,180421.25683709868,193402.58412604046,200490.2675386445,218758.83026159336,225817.76337693224,243260.757431629
0,31,7.444053649902344,0.6053951486945153,-0.5013851090459019,-0.36111084654351255,-0.14027426250238936,39.68317854233829,0.6947673497127458,497.13882546351266,1580.575029683076,1041.4056991506075,9.320710058984334,False,5,0.2752664247580598,874.551724137931,876.1379310344828,876.7241379310345,877.6034482758621,879.2931034482758,881.2413793103449,882.6896551724138,883.6551724137931,884.2068965517242,884.9310344827586,885.9137931034483,886.5,887.1034482758621,888.1896551724138,888.6896551724138,889.1034482758621,889.7758620689655,890.3620689655172,890.7758620689655,891.3275862068965,892.2931034482758,892.7413793103449,893.5172413793103,893.9137931034483,894.2068965517242,895.1034482758621,895.5344827586207,896.3103448275862,897.051724137931,897.8275862068965,898.1724137931035,898.948275862069,899.4827586206897,900.5172413793103,901.2413793103449,901.4655172413793,902.0344827586207,902.6724137931035,902.9310344827586,903.6724137931035,904.1724137931035,905.8275862068965,905.7068965517242,906.0,906.3448275862069,907.448275862069,91471.86801426871,105218.774078478,99787.85493460168,95488.41171224731,93075.13822829962,98538.07966706302,93744.2485136742,95551.95005945303,87717.23305588585,87134.13317479192,83429.73394768132,88682.93965517242,87171.2996432818,86277.25713436386,81548.2485136742,82165.2651605232,81483.51872770513,80776.98959571937,78109.72562425683,83460.1513079667,91683.27615933414,96377.22621878715,100333.14625445897,102517.04429250893,103776.26753864448,106411.57550535077,108011.1453626635,117180.73127229491,121738.46284185493,127229.31510107015,126668.59096313911,134328.25594530324,147435.87039238997,146763.76694411415,145937.28656361473,153395.5591557669,159016.51605231868,155042.944411415,149786.78834720573,150924.87544589775,158245.2116527943,175710.41854934604,188444.48305588582,201824.27586206896,206191.60523186682,225302.21284185493
0,1,7.220125484466553,0.5562902569770813,-0.3994917514526796,-0.26458100949011204,-0.1349107419625676,37.942602834252455,0.665924738747074,497.83842696629216,1596.059775280899,1024.8324719101124,6.897947151488175,False,5,0.27499115833330173,874.551724137931,877.0172413793103,878.2931034482758,879.7068965517242,881.9827586206897,884.8965517241379,886.6551724137931,888.3103448275862,889.2068965517242,890.551724137931,891.551724137931,892.2586206896551,893.7241379310345,894.948275862069,896.0344827586207,897.1551724137931,897.6206896551724,898.551724137931,899.0344827586207,899.8103448275862,901.0,901.6724137931035,902.2758620689655,903.3103448275862,903.9827586206897,904.7586206896551,905.4655172413793,907.0172413793103,908.0344827586207,909.2931034482758,909.948275862069,911.1724137931035,912.3965517241379,913.8103448275862,914.8275862068965,915.3965517241379,916.3965517241379,917.3793103448276,918.1379310344828,919.2931034482758,920.7413793103449,922.3965517241379,922.6896551724138,923.4655172413793,923.9137931034483,925.3448275862069,91471.86801426871,98149.56866825206,92285.20719381688,88062.4140903686,84958.98246135552,86037.05826397147,88487.74316290132,92873.28299643281,87225.26753864448,85003.59215219977,80648.14387633771,86718.26070154578,83811.71700356717,86042.87663495837,82052.65398335316,84065.57936979785,79852.8216409037,78476.17835909632,77122.86087990488,83065.53299643281,94689.06896551725,99848.53061831155,106146.54458977407,111419.97265160522,114787.01694411415,117898.32104637336,120523.14536266352,134803.84453032108,137024.06777645662,137339.0347800238,126167.35939357909,129371.41854934601,136977.2048156956,134894.08472057077,135252.3495838288,140419.8255053508,144157.17033293698,142176.3043995244,142499.774078478,148589.58650416168,160142.05380499404,179401.61860879906,195913.2140309156,214436.80053507732,224478.76843044,249664.05350772885
0,70,7.359329771995545,0.5808483406901359,-0.5996848012118976,-0.4939755907560645,-0.10570921045583312,29.573882225575073,0.5222029268120398,528.9591093538654,1517.5826656955571,974.2014358547498,9.974050019860732,True,5,0.2744414510077935,874.551724137931,876.1206896551724,876.1379310344828,875.9137931034483,875.7931034482758,876.2068965517242,877.1551724137931,877.2241379310345,877.2931034482758,877.2241379310345,877.5,877.6206896551724,877.948275862069,878.2068965517242,878.448275862069,878.9137931034483,879.1206896551724,879.2413793103449,879.7586206896551,879.7413793103449,880.0344827586207,880.7758620689655,880.4827586206897,880.9137931034483,881.0,881.0172413793103,881.0689655172414,881.5862068965517,881.5862068965517,881.6896551724138,882.1206896551724,882.6724137931035,882.7931034482758,882.7758620689655,883.0689655172414,882.8448275862069,883.051724137931,883.1379310344828,883.7241379310345,884.0,883.948275862069,884.3620689655172,884.2241379310345,884.6379310344828,884.6206896551724,884.7413793103449,91471.86801426871,106899.20957193816,113031.4292508918,115021.45808561236,124142.09512485136,141156.4399524376,143447.37247324616,148881.07045184303,145495.5865041617,152390.41527942923,143795.62931034484,155280.09750297267,154910.2559453032,152824.95719381684,142702.45422116527,141825.04429250892,130489.1061236623,125532.49346016646,120264.35552913198,122465.39863258025,129468.65398335316,127848.51872770509,126484.87039239003,127286.42360285374,124004.20689655172,119290.81004756241,119189.20214030916,131015.86325802616,132230.38049940547,137798.86920332938,136527.86474435194,145845.04785969085,161088.75029726516,160777.7945897741,167614.2366230678,173603.92419738407,174656.39387633768,167728.49821640903,164740.5445897741,171881.58620689655,180910.84215219977,202156.19649227115,220151.48424494648,236674.19649227112,239908.92508917954,262695.19173602853
0,2,7.260547876358032,0.5869099587202072,-0.32819790116208236,-0.20196973881078426,-0.12622816235129813,35.49028912054215,0.6220830358212023,482.10311606202015,1543.3599277434894,974.3602288122836,6.143235566701789,False,5,0.2741670095567857,874.551724137931,874.1379310344828,873.7931034482758,873.2931034482758,872.6379310344828,871.1724137931035,870.7241379310345,870.1379310344828,869.4827586206897,868.5689655172414,868.2068965517242,867.6206896551724,867.3275862068965,866.5,866.1379310344828,865.7068965517242,865.6724137931035,865.1896551724138,865.0689655172414,864.6206896551724,863.7413793103449,863.6034482758621,863.5,863.1379310344828,863.1379310344828,863.1034482758621,862.5689655172414,861.7931034482758,861.1724137931035,860.2413793103449,860.2758620689655,860.1896551724138,859.3448275862069,858.8275862068965,858.6034482758621,857.7068965517242,857.0344827586207,857.2931034482758,857.8275862068965,857.7586206896551,857.5689655172414,856.5172413793103,855.7241379310345,854.948275862069,854.5862068965517,853.9827586206897,91471.86801426871,103640.36028537455,102251.85374554103,100200.55202140308,103349.64476813318,109117.10820451843,107009.37217598099,102800.67063020216,100070.90487514861,98711.03834720571,90369.02615933414,90445.85612366234,83628.59958382878,80812.80172413793,73666.15338882283,72518.62098692033,66752.28923900118,65025.77437574317,62880.512485136736,62408.23543400713,62174.70897740785,61141.68757431629,59700.69827586207,56923.42925089179,56538.532699167656,55671.64447086802,56331.79696789537,60829.577883472055,61463.556480380495,64485.80380499405,62319.13079667062,63126.56747919143,68439.63971462545,68480.48751486324,69692.23929845421,72025.06926278239,71639.41260404281,68063.65546967895,63826.0737217598,64183.0451843044,67252.45214030915,77621.49108204519,78360.9239001189,83285.2559453032,85211.58739595719,95463.9134958383
0,9,7.1995197057724,0.6021056652069092,-0.4215898077221684,-0.27870856784809966,-0.14288123987406876,40.202813582796296,0.7041230497780981,592.3947836395969,1554.4299545544359,1183.7802147138248,9.995063447853667,False,5,0.2738928425472289,874.551724137931,876.7241379310345,876.2758620689655,876.3793103448276,875.4137931034483,874.5689655172414,873.7413793103449,873.2758620689655,872.2758620689655,871.3103448275862,871.2413793103449,870.6551724137931,870.3448275862069,869.6896551724138,869.551724137931,869.448275862069,869.1551724137931,868.7413793103449,868.5689655172414,868.2068965517242,867.7758620689655,867.5862068965517,867.1034482758621,866.6896551724138,866.1379310344828,865.7068965517242,865.6896551724138,865.0172413793103,864.7241379310345,864.1724137931035,864.5,864.0,862.8793103448276,863.0,862.5862068965517,862.2068965517242,862.3103448275862,862.9137931034483,863.5344827586207,864.1379310344828,863.4655172413793,862.448275862069,861.2413793103449,859.9655172413793,859.8103448275862,859.4655172413793,91471.86801426871,110925.30321046374,99509.47562425685,93698.37336504163,91998.62187871583,92305.5211058264,90442.91587395956,88240.23424494649,82911.68252080856,83492.903686088,82018.83828775267,97863.3983353151,92876.53626634958,96284.17954815694,91133.69560047562,91030.73008323426,84541.64833531511,81842.64001189062,76153.52110582638,77827.57788347205,80576.55321046372,79433.2770511296,80228.7824019025,78677.5933412604,77460.39476813316,76535.00029726517,72698.31747919144,77932.29280618312,77816.0618311534,79745.17717003568,74965.9051724138,79181.96551724138,88885.45095124852,81827.79310344828,79135.48394768132,86641.68133174792,82351.55885850178,73476.11325802618,65877.07639714624,61751.394768133185,64829.6626040428,75510.45422116527,84247.42449464923,97160.13674197384,101775.8433412604,114455.24881093936
0,6,7.2436522245407104,0.605135926604271,-0.4881051461035188,-0.3398244602193229,-0.14828068588419593,41.83991451519441,0.7327475044077539,506.3285263632267,1590.7227354664262,1060.0172374943668,7.320654802003323,False,5,0.27361894970468165,874.551724137931,875.5,875.9310344827586,876.8448275862069,877.6896551724138,878.6034482758621,879.8620689655172,880.7413793103449,881.3275862068965,881.9137931034483,882.0862068965517,882.9655172413793,883.4310344827586,884.1034482758621,884.5689655172414,885.0,885.7586206896551,886.051724137931,886.3793103448276,886.551724137931,886.8448275862069,887.948275862069,888.4310344827586,889.0344827586207,889.0,889.2068965517242,889.9310344827586,890.3448275862069,891.0344827586207,891.4827586206897,891.948275862069,892.0172413793103,891.9655172413793,892.3448275862069,892.8620689655172,893.2241379310345,894.051724137931,895.8448275862069,897.448275862069,899.3620689655172,900.6551724137931,901.8793103448276,902.8275862068965,904.2586206896551,904.7758620689655,905.0344827586207,91471.86801426871,103912.25,95160.2711058264,88414.26902497027,87693.59334126039,92765.20481569562,95653.63614744351,97265.29518430438,89639.53061831153,86930.87187871581,81708.21670630203,82035.92984542213,82232.07282996432,83654.16171224735,79577.8659334126,83144.8275862069,82568.87277051128,81805.53180737219,79001.95957193816,84838.86801426872,93544.26902497027,97796.77318668253,102614.38317479192,107258.13674197382,109211.93103448275,116342.68133174792,121078.0986920333,135909.53626634958,142150.48156956004,146232.4910820452,141297.0835315101,148991.98246135554,166823.8263971463,167659.32936979787,174884.42925089176,182450.86355529132,189071.84215219974,186596.3724732461,186835.7300832343,193998.748216409,201999.43281807375,221394.4509512485,231549.83234244946,248023.05380499407,255174.346313912,278821.5160523187
0,9,7.220627546310425,0.5898506239056587,-0.4767208773298906,-0.3393564334164084,-0.13736444391348213,38.5784661571097,0.6785202843591761,552.5218057791063,1537.0731969035028,1106.4457729746302,9.907723620549074,False,5,0.27334533075497697,874.551724137931,876.448275862069,877.8448275862069,878.6034482758621,879.3793103448276,880.5344827586207,881.8103448275862,882.948275862069,883.3103448275862,883.4137931034483,883.7931034482758,884.1724137931035,885.3275862068965,886.4310344827586,887.3965517241379,887.6206896551724,888.2068965517242,888.8965517241379,889.5344827586207,889.3620689655172,889.3275862068965,889.3620689655172,889.2758620689655,890.051724137931,890.0344827586207,890.1034482758621,890.3275862068965,891.0344827586207,891.7758620689655,892.8275862068965,894.3103448275862,895.1551724137931,895.8448275862069,897.1206896551724,898.0344827586207,898.551724137931,899.448275862069,901.1724137931035,903.1896551724138,905.1896551724138,906.4310344827586,908.7931034482758,910.3965517241379,910.3103448275862,910.8275862068965,911.9310344827586,91471.86801426871,111684.97146254458,99928.6483353151,90101.61860879904,84359.75267538644,81765.66260404281,78790.39506539832,76865.29042806184,68183.55885850178,63125.10463733651,55744.4744351962,60304.79785969084,56642.634066587394,56824.210760998816,53582.3772294887,54685.097502972654,51882.922711058265,53292.02378121284,52326.42122473247,56902.57580261593,64376.634066587394,71369.5068370987,79815.61355529133,86395.80766944116,94069.37812128419,102335.43757431628,107632.15130796672,125574.48156956004,134594.62217598097,127884.24613555291,122390.35196195009,125951.68281807372,133780.92419738407,130766.6233650416,129535.30915576695,138351.52318668252,139743.48870392388,129251.45303210462,127207.29161712246,131550.63644470868,138602.59007134364,156183.54340071345,170359.96343638524,192877.31747919146,201155.28061831155,225746.16765755054
0,1,7.349150395393371,0.5807986751198768,-0.383412788227958,-0.26923711742467527,-0.11417567080328267,31.868841374413304,0.5608802482176369,497.8693014387242,1580.7510833766685,950.8991159646386,4.137899071358903,True,5,0.2727989134387978,874.551724137931,876.2586206896551,876.9310344827586,877.551724137931,878.5862068965517,880.1206896551724,881.0689655172414,881.9655172413793,883.0344827586207,883.6034482758621,884.3965517241379,885.448275862069,886.051724137931,886.7413793103449,887.4655172413793,888.3793103448276,888.8448275862069,889.3275862068965,890.2413793103449,890.7241379310345,891.5172413793103,892.3620689655172,893.2586206896551,893.8103448275862,894.2758620689655,895.1034482758621,895.6206896551724,896.7068965517242,897.3103448275862,898.2241379310345,898.5862068965517,899.4137931034483,900.6206896551724,901.4137931034483,902.4310344827586,902.9310344827586,903.5862068965517,903.8793103448276,904.2068965517242,904.9310344827586,905.551724137931,906.7413793103449,907.3103448275862,908.051724137931,908.3793103448276,909.3965517241379,91471.86801426871,97235.57104637336,92190.16765755053,88048.41973840665,87579.89774078479,88867.31302021403,86397.37455410225,84236.68846611177,81082.96432818074,81200.894470868,77009.79102259214,81293.52318668252,80326.87663495837,80191.43311533888,76269.49019024971,76877.30439952436,73088.85523186682,72043.8064803805,70141.3900118906,70406.30321046374,75336.8359096314,75623.81718192626,72851.60552913198,75396.80885850178,76722.4066587396,78947.47205707492,78878.47681331748,85662.27615933413,89572.38644470868,97282.13941736029,95444.79429250893,100810.62187871583,112384.92508917955,112409.55291319857,114725.59007134364,121052.85731272295,125762.00118906067,122286.89922711057,123558.57788347207,133599.54696789535,143234.41973840666,165161.05380499404,177861.93816884665,192184.11801426875,202825.51129607612,228052.9289536267
0,18,7.3922611951828,0.5402328416705131,-0.43256015303083,-0.32326099533900793,-0.10929915769182202,30.468047793623573,0.5376136503656707,483.8462503484806,1560.7337608028993,919.2839420128241,5.805586327524395,False,5,0.272526114525359,874.551724137931,874.7241379310345,874.7068965517242,874.8620689655172,874.7241379310345,874.3620689655172,874.2586206896551,874.2413793103449,874.7241379310345,874.6896551724138,874.7241379310345,875.0862068965517,875.7241379310345,875.9310344827586,876.8620689655172,877.2413793103449,877.2413793103449,877.6551724137931,878.5689655172414,878.8448275862069,879.1206896551724,879.5344827586207,879.8793103448276,880.1379310344828,880.4137931034483,881.1724137931035,881.9310344827586,882.051724137931,882.1896551724138,882.6724137931035,883.5862068965517,884.1551724137931,884.2931034482758,884.7586206896551,885.7586206896551,886.3793103448276,886.9137931034483,887.8275862068965,888.4827586206897,889.1206896551724,890.1724137931035,890.6034482758621,890.8793103448276,891.7413793103449,892.948275862069,893.8275862068965,91471.86801426871,98717.82045184304,92136.37960761,86927.25683709868,85217.54458977407,87577.19649227109,81291.1572532699,80657.01070154579,77912.88941736027,77797.69678953626,75802.13079667064,78968.7339476813,77037.92390011891,79580.99524375744,74237.11890606422,73775.25208085611,71588.59690844233,70072.32936979785,68532.96938168845,72598.68281807374,75524.86474435197,75339.21432818075,77009.93370986919,78618.53269916767,79874.20808561236,81575.65992865636,80358.68489892983,90793.70422116527,93524.91230677764,93164.35820451843,89189.75980975029,94084.51040428063,99484.93133174792,97963.14863258025,96580.14863258027,98973.92508917955,101213.1822235434,99902.14268727705,101508.5255648038,109679.45095124852,118476.0737217598,138196.61860879906,147540.72681331748,159453.01932223546,164353.94560047562,187001.07372175984
0,1,7.336361312866211,0.557396174967289,-0.375596188158833,-0.24909848529780593,-0.12649770286102702,35.34172854814686,0.621202362261228,521.1962432780429,1542.8864651973036,1047.6815875179884,10.21056878968152,False,5,0.27225358841083364,874.551724137931,875.4827586206897,875.3103448275862,875.551724137931,875.4310344827586,875.3103448275862,875.3103448275862,875.1724137931035,875.0,874.8965517241379,874.8275862068965,875.2241379310345,875.448275862069,875.1551724137931,875.9310344827586,875.6896551724138,875.7413793103449,875.6896551724138,875.948275862069,875.6551724137931,875.5172413793103,876.0862068965517,876.7068965517242,876.9655172413793,877.2931034482758,877.6206896551724,877.7758620689655,878.5862068965517,879.051724137931,880.0172413793103,881.0689655172414,882.0344827586207,882.7758620689655,883.2931034482758,884.4137931034483,884.6034482758621,886.2241379310345,886.9827586206897,887.8793103448276,888.6206896551724,888.8103448275862,889.5862068965517,889.8965517241379,889.3620689655172,889.2758620689655,889.1551724137931,91471.86801426871,111007.3186682521,103839.86920332938,97078.661117717,96120.62455410227,97176.04161712245,90783.55885850177,84594.69441141497,82438.79310344828,86736.85136741973,86282.14268727705,98382.44976218787,96635.28180737219,100372.06212841855,94145.9262782402,98118.7312722949,94909.53656361473,94301.28299643283,87860.5662901308,88748.53626634959,93696.45659928655,91356.66498216409,94532.10374554101,92517.10225921521,92597.79340071343,90584.71819262783,90852.1739001189,98691.82877526754,102498.66973840666,102248.9134958383,96865.27110582641,99040.48156956004,103744.79458977407,102016.27615933413,101052.31153388822,103194.0324019025,102379.346313912,101148.0859096314,100791.51991676576,105095.1664684899,114375.46403091558,128808.17360285374,139433.09274673008,151228.74821640903,159355.75148632584,175690.02764565995
0,3,7.392509078979492,0.5777141705155373,-0.4687107906709008,-0.31791056606760587,-0.150800224603295,42.362337863390096,0.7402905315197549,563.1267727930535,1631.9031114327063,1167.486468885673,10.000819808410444,False,5,0.2719813348224228,874.551724137931,876.5,876.8275862068965,877.3448275862069,877.2413793103449,877.7241379310345,878.9655172413793,879.6724137931035,879.7586206896551,879.6551724137931,879.9827586206897,880.2068965517242,880.6379310344828,880.7931034482758,881.3448275862069,881.948275862069,882.4137931034483,882.7931034482758,883.051724137931,883.0862068965517,884.0344827586207,884.6896551724138,885.2241379310345,885.4310344827586,885.7586206896551,886.4137931034483,887.1551724137931,887.5689655172414,888.3448275862069,889.448275862069,890.4827586206897,891.7068965517242,892.3620689655172,893.6724137931035,894.3620689655172,895.0862068965517,895.5172413793103,896.5,897.1034482758621,898.2413793103449,898.3275862068965,898.6379310344828,898.1379310344828,898.5,898.5862068965517,899.1379310344828,91471.86801426871,117405.0775862069,109422.00475624256,103878.63971462546,108384.28656361475,118029.92390011891,114079.82639714626,111964.49613555291,109970.25208085614,114006.81212841855,115259.12039239,130670.06064209274,130021.09304399524,136796.43995243756,130101.32936979785,134882.98008323426,129710.41498216409,126768.54340071342,125492.87663495836,127020.38912009513,131926.79191438764,130638.38644470865,132839.69114149822,134110.4866230678,137159.76932223543,137460.10463733648,136988.02764565995,151884.17627824016,159862.63971462546,168504.8680142687,165023.42211652795,174312.103745541,189449.8516646849,191517.39268727702,195349.16200951248,205569.59601664686,213787.28418549354,216275.87068965516,216178.23067776457,227183.56242568366,245072.0478596908,277075.6447681332,295257.1533888229,328568.7327586207,343918.24256837106,383249.2568370987
0,2,7.3957466125488285,0.5233419954776763,-0.346007989386772,-0.20653510151432158,-0.13947288787245052,39.03369018292093,0.6841225355847549,477.9905806605461,1555.6978657446048,1000.5621795636104,5.93777726558334,False,5,0.2717093534876004,874.551724137931,875.0,875.6379310344828,876.0,875.8275862068965,876.3103448275862,877.1551724137931,877.448275862069,878.0862068965517,877.6379310344828,877.6896551724138,877.5172413793103,877.7758620689655,877.5862068965517,878.0862068965517,878.1206896551724,878.3793103448276,878.2758620689655,878.4310344827586,878.1034482758621,878.8103448275862,879.5,879.9827586206897,880.0344827586207,880.3275862068965,880.7758620689655,881.7586206896551,881.9310344827586,882.7068965517242,883.4137931034483,884.2413793103449,883.8620689655172,883.5,883.448275862069,883.7586206896551,884.0344827586207,884.4827586206897,885.0689655172414,885.9137931034483,886.5689655172414,887.1206896551724,887.8965517241379,887.3275862068965,887.2413793103449,887.1896551724138,887.448275862069,91471.86801426871,102264.44827586207,92760.64476813318,80288.4827586207,76380.93579072533,75980.24851367419,71957.95868014268,68448.41973840666,60810.044292508916,56464.29994054697,51880.662306777645,54203.90487514863,52133.58769322234,51744.41498216409,48756.768430439944,48783.10612366231,45591.71819262783,45196.64803804994,44174.417657550526,45538.43757431629,47252.291617122464,45113.90517241379,45405.741082045184,45833.4126040428,44925.49613555291,47192.72562425684,47023.907253269914,50972.30558858502,52781.172711058265,54626.07015457788,52679.97621878716,57136.18787158145,62788.21551724138,64313.69560047563,63197.97621878715,64737.550535077295,66518.5255648038,64887.9607609988,64181.802913198575,68054.96938168845,71982.38198573128,77641.78240190248,85068.53061831155,94193.14863258024,99453.0157550535,114211.1438763377
0,1,7.365373945236206,0.47956782281398774,-0.4174795659027205,-0.26199709355940604,-0.15548247234331444,43.75398882979557,0.764397179406808,487.94969269292056,1643.3992715684042,1083.8983610289097,7.207925723292453,True,5,0.2711662064899787,874.551724137931,875.2413793103449,875.2758620689655,874.9310344827586,874.8965517241379,874.9655172413793,875.551724137931,876.2586206896551,876.7586206896551,877.2586206896551,877.0344827586207,877.0689655172414,877.7241379310345,878.5862068965517,878.8103448275862,879.0862068965517,879.5344827586207,879.9655172413793,880.6551724137931,881.0862068965517,882.0,882.9310344827586,883.3103448275862,883.8448275862069,885.1724137931035,885.9827586206897,886.5,886.9827586206897,888.0,888.948275862069,889.6724137931035,889.9827586206897,890.4310344827586,891.1206896551724,892.3793103448276,892.6379310344828,893.2931034482758,894.4137931034483,895.4827586206897,895.8965517241379,896.2413793103449,896.8103448275862,897.2068965517242,896.948275862069,897.3448275862069,897.1724137931035,91471.86801426871,106787.355529132,100354.64803804994,94018.23662306777,93909.2996432818,97773.82639714626,95981.07491082046,90008.64001189062,85410.73483947682,86244.91587395956,79900.17122473246,84104.54696789535,81280.71700356717,79824.1046373365,76516.01575505351,77172.63049940548,74415.42122473246,73654.41260404281,72654.7431629013,74037.49256837099,79321.1724137931,79789.30558858503,79474.11058263973,79980.23454221165,77050.5564803805,76054.87901307967,76712.31896551725,85787.94797859692,88897.5172413793,95939.4283590963,94291.08234244946,101604.67211652793,111460.00386444708,113855.86474435196,116172.47681331747,120311.19649227108,124739.75891795481,121287.2770511296,122429.14625445896,130284.74791914389,141051.94173602853,160430.63644470868,172062.26753864443,188667.98008323426,196505.05350772885,216664.694411415
0,1,7.36037540435791,0.440357081592083,-0.3672205085329868,-0.22936203211955428,-0.13785847641343255,38.64309505679326,0.6769770670531025,481.7832444520901,1627.2539136418372,1009.3099948391537,4.4415536792232215,False,5,0.2708950402834887,874.551724137931,875.9655172413793,876.6206896551724,876.7586206896551,877.4655172413793,878.7586206896551,879.6379310344828,880.8275862068965,881.0862068965517,882.1551724137931,882.9655172413793,883.3620689655172,884.1379310344828,884.7241379310345,884.9310344827586,885.2586206896551,885.4137931034483,886.2758620689655,887.051724137931,887.4655172413793,887.9655172413793,889.2413793103449,889.5344827586207,890.1724137931035,890.7241379310345,891.0344827586207,891.7413793103449,892.7241379310345,892.9655172413793,893.8620689655172,894.6724137931035,895.9137931034483,896.8103448275862,897.8793103448276,898.7758620689655,899.0344827586207,900.2241379310345,900.7931034482758,901.5,902.5,902.7413793103449,904.0,904.0689655172414,904.2758620689655,904.4137931034483,905.0172413793103,91471.86801426871,103668.55053507727,92813.58026159334,85932.45897740786,85454.83501783591,89245.28656361476,88113.92063020213,86409.07372175979,79392.8373959572,77144.92419738405,73117.68846611177,70909.71373365041,69976.49821640903,67244.44114149822,62457.40903686088,63413.19173602854,59662.07015457788,58869.44114149821,57532.32491082045,59637.1453626635,65249.79191438763,67752.28656361475,69444.4901902497,72229.52199762188,73536.5790725327,76426.55053507729,75778.39863258027,83521.16527942926,87339.82639714626,90870.98097502973,86580.7719976219,90251.66498216409,96358.49851367422,96267.72681331748,97552.07045184303,102504.20570749108,103354.76010701546,100181.92271105826,99493.69827586207,106257.62931034483,113722.7779429251,130286.20689655172,138310.2366230678,148163.7859690844,155716.72532699167,177202.18935790725
0,3,7.399261832237244,0.49381494522094727,-0.3894760695183285,-0.25353353602046086,-0.1359425334978676,38.05777452666099,0.6688283680880348,489.1841161121983,1605.7783757338552,992.8703522504892,4.809054130201723,False,5,0.2706241452432052,874.551724137931,874.4655172413793,874.3275862068965,874.9827586206897,875.3620689655172,876.051724137931,876.5344827586207,877.448275862069,878.0689655172414,877.7758620689655,878.2758620689655,878.948275862069,879.3448275862069,879.6551724137931,880.0862068965517,880.8103448275862,881.8275862068965,882.3793103448276,883.0172413793103,882.8965517241379,882.6724137931035,882.7068965517242,882.3793103448276,882.2931034482758,882.2241379310345,882.3275862068965,882.2241379310345,882.1206896551724,882.6551724137931,883.5,884.551724137931,885.448275862069,886.0172413793103,887.1379310344828,887.5,888.1551724137931,888.9310344827586,890.3275862068965,891.1379310344828,891.948275862069,892.8275862068965,893.8965517241379,894.6724137931035,894.4655172413793,894.5862068965517,894.3620689655172,91471.86801426871,97156.42122473246,83830.04785969087,74234.01694411415,66573.5068370987,69374.98008323424,69300.9729488704,67951.86801426874,63281.61593341261,62677.587693222355,59071.7514863258,60373.70422116529,60665.63971462545,61072.98454221166,59569.07877526755,62810.22265160523,60412.48751486326,62739.58026159336,61533.46521997622,67028.50653983353,77489.49613555291,83372.96581450655,88906.02853745542,95688.5865041617,100394.82907253271,104394.70303210462,113074.34631391201,129760.2440546968,138203.5707491082,139213.5603448276,132293.21284185493,137691.6266349584,146918.4652199762,147471.67063020213,149651.7672413793,156089.20005945305,162911.09869203332,155400.56510107013,154186.15338882283,162583.77318668255,168656.2461355529,187309.33412604046,198135.53061831155,212390.3867419738,221199.48394768132,247764.81718192622
0,11,7.489428424835205,0.44352332651615145,-0.5129328406084083,-0.3739311044143363,-0.13900173619407202,38.867393024695296,0.6827995129795874,662.761641878288,1617.8604923036955,1240.182178346431,10.03506746577762,False,5,0.270353521097962,874.551724137931,875.0689655172414,875.1551724137931,874.2931034482758,873.3620689655172,873.0344827586207,872.8620689655172,872.5344827586207,872.2068965517242,870.9310344827586,870.5,869.6724137931035,869.0172413793103,868.0862068965517,868.0,867.2241379310345,867.2758620689655,866.6724137931035,866.3103448275862,865.5862068965517,864.7241379310345,864.3275862068965,863.5689655172414,863.0,862.6724137931035,862.1034482758621,861.9137931034483,860.7241379310345,860.0172413793103,860.3620689655172,860.9310344827586,860.7068965517242,860.3103448275862,860.5689655172414,861.2241379310345,860.6896551724138,861.051724137931,862.2068965517242,862.7413793103449,862.8275862068965,862.9310344827586,863.4137931034483,861.8275862068965,860.1206896551724,860.1034482758621,859.0862068965517,91471.86801426871,102495.23662306779,91446.47592152201,79658.79340071345,74803.61028537455,74891.82639714626,72487.1189060642,70562.17984542213,70331.19857312724,71189.37455410227,70107.00862068965,80119.8064803805,79924.32728894174,85408.25118906064,82491.10344827586,85817.10493460167,83379.68252080856,83964.70303210465,84781.31747919144,92672.79429250892,103121.61355529132,108688.63406658742,113637.38317479193,119764.10344827586,125620.25475624256,130686.67895362664,133987.5270511296,148745.372175981,154364.05142687281,149690.16200951248,145517.6159334126,147447.37960761,153775.17954815697,144927.76248513677,138823.9670035672,144606.11058263973,141683.01456599287,129948.12960760998,125429.4675980975,131275.00475624256,137009.9607609988,148359.62187871578,155151.97027348392,170225.20957193815,178351.33412604043,200403.14774078483
0,3,7.536907052993774,0.5023885726928711,-0.35450624792418933,-0.222008230767463,-0.1324980171567263,36.91557303560721,0.6503777159855773,469.23139259443957,1552.1154469517517,967.2570751776586,5.058122906531055,False,5,0.27008316757686407,874.551724137931,875.2068965517242,876.0,876.3620689655172,876.948275862069,877.8965517241379,879.0,879.2931034482758,879.551724137931,879.5689655172414,879.8965517241379,880.4137931034483,880.8275862068965,881.051724137931,881.5344827586207,881.8620689655172,881.9655172413793,882.1896551724138,882.9310344827586,883.0862068965517,883.4827586206897,883.7241379310345,884.2413793103449,884.5862068965517,885.2241379310345,885.8620689655172,886.0689655172414,886.7241379310345,887.1034482758621,887.4310344827586,887.6724137931035,888.5172413793103,888.7068965517242,889.3965517241379,890.0344827586207,890.3275862068965,890.5689655172414,890.7068965517242,890.8793103448276,891.3103448275862,891.8620689655172,892.3275862068965,892.1551724137931,892.4655172413793,893.1379310344828,893.5689655172414,91471.86801426871,101072.26753864448,89423.37931034483,82031.54131985731,74446.98008323424,77615.2996432818,73789.8275862069,69103.0692627824,60910.17835909632,58590.107312722954,51636.196195005956,50321.65636147443,49684.69441141499,49018.2559453032,46150.07639714625,46612.946492271105,44591.033293697976,42812.36058263971,40902.99524375743,45466.11325802616,51501.18073721759,56620.613555291326,62016.59690844232,63667.277051129604,65394.89803804994,64746.774078478,63037.960760998816,72151.64803804994,74188.85136741975,67926.07282996432,57904.840963139126,55950.14625445898,59456.65546967895,55033.411712247325,54091.964328180744,54016.59958382877,54533.96938168847,51388.345124851374,53917.55439952437,57603.86920332937,61216.94649227111,70712.66854934601,75659.68281807372,82805.1453626635,85890.87752675386,101022.55558858502
0,0,7.583181881904602,0.4595040425658226,-0.4254392168892707,-0.30027158382064895,-0.1251676330686217,35.05339983686513,0.6154506557288102,501.242768114594,1578.598641986792,1015.3941958887546,9.575363632210344,True,5,0.26954327132487793,874.551724137931,876.0172413793103,875.5,875.2586206896551,874.7931034482758,874.6206896551724,874.1724137931035,874.0689655172414,873.948275862069,874.2241379310345,874.1379310344828,873.9137931034483,873.8448275862069,873.5,873.3448275862069,873.2068965517242,873.448275862069,873.3965517241379,873.6379310344828,873.3103448275862,873.4827586206897,873.4827586206897,873.2758620689655,873.4310344827586,873.8620689655172,873.9310344827586,874.5862068965517,874.4827586206897,875.0,875.3275862068965,875.7758620689655,875.8275862068965,875.3620689655172,875.8620689655172,875.9655172413793,875.5689655172414,875.6206896551724,875.5,875.3275862068965,875.3103448275862,874.9310344827586,874.7241379310345,874.1379310344828,873.8103448275862,873.8965517241379,873.5172413793103,91471.86801426871,109582.70659928655,105987.83620689655,104137.19173602853,110768.30202140308,113382.1664684899,112461.79785969084,110483.68489892985,107409.66973840665,109373.31183115338,102642.32580261593,114433.87187871581,109669.85523186682,110851.83620689655,104612.0879904875,101812.23305588587,96687.3162901308,95293.20481569559,89973.3344233056,88399.97265160523,90028.97384066587,86540.45659928655,82396.096313912,83712.3831747919,82146.01545778835,79280.51248513674,78838.1046373365,85708.49108204516,88118.06896551725,91131.70303210465,89048.44976218787,93136.62544589773,100617.43787158145,98413.15338882283,94659.65398335314,96156.65903686089,95675.30439952438,90458.62931034483,88794.59958382876,90574.21403091558,95767.68489892985,108958.68252080855,119440.84304399525,131138.29161712248,137725.26516052318,158072.14625445896
0,8,7.581858086585998,0.5351022034883499,-0.3990714358231004,-0.2653167460757749,-0.1337546897473256,37.53023771763572,0.6585692052865049,487.7304162936437,1602.9294986571172,1024.2310877350044,7.293757929593577,False,5,0.26927372805355304,874.551724137931,875.4137931034483,875.7068965517242,875.6551724137931,875.6034482758621,875.6896551724138,876.5689655172414,877.0,876.9137931034483,877.3793103448276,877.2413793103449,877.4310344827586,877.7758620689655,878.2931034482758,878.5344827586207,878.9137931034483,879.4827586206897,879.8793103448276,880.1896551724138,880.3620689655172,880.6896551724138,881.1724137931035,881.0344827586207,881.5344827586207,882.2241379310345,883.4310344827586,884.1724137931035,884.448275862069,884.8448275862069,885.6896551724138,886.6724137931035,886.8620689655172,886.7241379310345,887.4827586206897,888.6034482758621,889.2241379310345,890.8103448275862,891.7586206896551,892.7758620689655,893.9655172413793,895.051724137931,895.8103448275862,895.2758620689655,895.2068965517242,895.1896551724138,895.6379310344828,91471.86801426871,106595.31153388822,100147.89684898929,95002.43281807372,95971.68757431628,96870.38644470868,91341.31420927469,89486.4827586207,83194.07877526754,83103.8561236623,79239.49346016647,84581.00386444709,81542.4842449465,82108.7589179548,75382.11087990487,75379.87187871581,71395.8359096314,69229.86474435197,65760.18816884661,66048.92063020215,68852.5933412604,66779.62544589775,66455.75743162901,66906.04191438764,64443.38079667062,63256.38317479192,62045.86682520808,66521.07491082045,67277.61385255647,70677.97265160523,68781.49613555292,72936.49821640905,79565.95838287752,79647.76694411415,81084.92895362663,82914.41527942925,81741.70541022593,78046.25208085611,76192.13941736027,78508.82639714626,83781.08353151011,92889.60196195009,102459.9239001189,108782.7847800238,114711.25713436384,128527.29994054697
0,2,7.527904891967774,0.5300459444522858,-0.3511522346550581,-0.19452122532073873,-0.1566310093343194,44.03843300221464,0.769940125323432,469.73312883435585,1699.5763697905647,1078.165538396446,6.204908550564908,False,5,0.26900445432549946,874.551724137931,875.0344827586207,874.3965517241379,874.2758620689655,873.7241379310345,873.0862068965517,872.8620689655172,873.5344827586207,873.9655172413793,873.9137931034483,874.1551724137931,874.2758620689655,874.6034482758621,874.2241379310345,874.2758620689655,874.1206896551724,874.8103448275862,874.4310344827586,874.7068965517242,874.8965517241379,874.5344827586207,874.1034482758621,873.5344827586207,873.1724137931035,873.3103448275862,873.2931034482758,873.1034482758621,872.6551724137931,872.8275862068965,872.7241379310345,872.6551724137931,872.4137931034483,872.1034482758621,872.8793103448276,872.8620689655172,872.9310344827586,873.4827586206897,875.0,876.551724137931,877.6034482758621,878.2586206896551,878.8620689655172,878.1206896551724,877.3793103448276,877.1206896551724,876.3103448275862,91471.86801426871,102036.8953626635,85097.20481569562,73308.68252080855,66142.85493460167,62722.80291319857,60150.84304399524,56505.352259215215,50081.65398335315,47428.04429250892,44133.303507728895,44741.5790725327,44015.34274673007,43592.27734839477,39562.13079667063,41561.86474435196,39819.70541022592,38887.07282996433,36803.37960760999,37517.19619500595,41995.766052318664,41841.6099881094,42287.00743162901,45431.418549346025,45905.14506539834,47772.34512485137,47135.36860879905,55584.19143876339,54719.17717003568,55214.02734839476,50916.95005945303,55159.20808561237,58693.54102259215,54231.657847800234,54056.73959571939,54456.71938168847,53291.87039239,49703.89655172414,48050.45422116528,50746.791022592144,55236.29518430439,64871.70511296076,72874.86474435196,81992.71819262783,87603.55439952438,104252.55885850178
0,22,7.530470085144043,0.48235577493906023,-0.4295357290713305,-0.2751893873040519,-0.1543463417672786,43.37056264561817,0.7598063532593251,493.707464107242,1643.4035853097485,1104.558261283414,8.554097688616574,False,5,0.268735449871174,874.551724137931,876.1896551724138,876.9310344827586,877.2758620689655,878.2413793103449,878.7586206896551,879.3965517241379,880.8448275862069,881.0344827586207,881.5689655172414,882.1551724137931,882.6206896551724,882.948275862069,883.4827586206897,883.7931034482758,883.9310344827586,883.9827586206897,884.3965517241379,885.2758620689655,885.2586206896551,885.6379310344828,885.9137931034483,886.3103448275862,886.3448275862069,886.5344827586207,886.7931034482758,886.8793103448276,887.1551724137931,887.5344827586207,887.8793103448276,888.0,888.3620689655172,888.9310344827586,889.8275862068965,890.7931034482758,891.5689655172414,892.6896551724138,894.1379310344828,895.2931034482758,896.051724137931,897.6551724137931,897.8275862068965,897.7241379310345,897.551724137931,897.8793103448276,898.051724137931,91471.86801426871,108694.08472057074,94673.51248513676,82341.44114149822,72763.73483947682,71955.42449464923,68765.13585017837,66123.16557669442,57920.86087990487,56725.72800237812,51533.33799048752,57641.13198573127,55256.18697978596,54980.45659928657,51811.23305588585,51538.0986920333,49644.01694411415,48441.13585017836,45671.02734839477,49987.846908442334,59784.19649227111,61535.42360285374,65955.14506539833,70299.60523186682,73176.76605231868,75190.78478002378,78341.1061236623,88849.09661117717,93716.24881093936,92812.62336504163,87368.13793103448,92731.16200951245,98084.23662306779,95210.55648038049,90414.19857312723,94669.83145065399,95803.83472057074,94778.2568370987,94312.00029726517,100478.63525564803,107048.26040428063,120872.14268727705,132710.16527942926,147090.10939357904,153250.79577883476,174352.1869797859
0,6,7.4505946159362795,0.48700361847877505,-0.3608517443955483,-0.22928143923330466,-0.13157030516224358,36.808448144078675,0.6466610275566214,474.0474668371424,1565.549704331149,1007.575675243727,8.533648668706654,False,5,0.2684667144213028,874.551724137931,875.5862068965517,874.9827586206897,875.1724137931035,874.7758620689655,873.8103448275862,873.4655172413793,873.6724137931035,873.4310344827586,872.4137931034483,872.1379310344828,871.7758620689655,871.2758620689655,870.4137931034483,870.0862068965517,869.7241379310345,869.448275862069,868.9655172413793,869.1724137931035,868.8448275862069,868.2241379310345,868.5862068965517,868.0862068965517,867.9655172413793,867.5862068965517,867.4827586206897,867.2931034482758,866.6724137931035,866.1896551724138,865.7068965517242,865.5172413793103,864.9310344827586,863.8103448275862,863.2931034482758,862.7758620689655,861.8103448275862,861.6551724137931,861.9137931034483,861.551724137931,860.9310344827586,860.2413793103449,859.6724137931035,858.7241379310345,857.8448275862069,857.5862068965517,857.2068965517242,91471.86801426871,110003.51843043994,97407.43073721758,86546.83234244944,80516.38079667062,79031.94678953629,74392.07639714626,67162.8064803805,60814.934898929845,60409.483947681336,54765.87752675387,61300.27734839476,54790.71700356717,53065.48394768133,46836.76843043996,46186.751486325804,43390.04042806183,42711.55053507729,40959.34958382877,45521.475921522,51909.863555291326,55731.208085612365,59580.044292508916,64118.72294887039,67267.62187871581,68770.38763376934,67575.24167657552,76899.28923900117,78640.6709274673,70524.5520214031,59115.00832342449,54705.71938168847,56035.25713436385,48978.72443519619,44735.72562425683,43677.46403091558,41885.88109393579,38747.32015457789,36777.93697978597,37019.71938168847,40892.355529131986,49854.70303210463,54197.33769322235,62663.57936979786,66720.82877526754,81405.75029726516
0,2,7.573466539382935,0.4914141550660133,-0.37298505082824635,-0.2573101310054559,-0.11567491982279048,32.33462050664646,0.5694896205210246,495.90409618341954,1522.0162169719,960.4582692576541,6.9430054674050785,True,5,0.2679300494591746,874.551724137931,874.9310344827586,874.3448275862069,873.948275862069,873.5344827586207,872.8793103448276,872.4137931034483,872.3965517241379,872.051724137931,871.5689655172414,871.3965517241379,871.1724137931035,870.8965517241379,870.551724137931,870.448275862069,870.0862068965517,869.948275862069,869.8965517241379,869.7241379310345,870.0172413793103,869.6379310344828,869.8620689655172,869.4137931034483,869.4827586206897,869.4137931034483,869.3103448275862,869.6724137931035,869.4310344827586,868.9137931034483,868.8793103448276,868.6206896551724,868.5862068965517,867.9137931034483,867.8793103448276,867.7758620689655,867.2586206896551,867.551724137931,868.051724137931,868.8793103448276,868.6724137931035,868.2413793103449,867.6896551724138,867.1379310344828,866.7413793103449,866.3965517241379,865.9137931034483,91471.86801426871,100113.20214030913,97598.08799048752,96639.01456599288,101881.007431629,107303.48543400712,106069.34601664684,103803.68757431628,99834.77318668252,103155.90041617124,100761.37722948872,106458.93579072534,101272.98929845422,100378.69560047562,93377.73008323426,92462.38912009513,85922.87663495837,85080.81688466112,81031.0618311534,80389.84453032105,84373.02407847799,82174.80856123661,81286.51843043994,80459.07728894173,77155.13912009513,74715.38644470868,73540.84096313911,77778.79696789537,78522.3546373365,80064.65784780023,76362.89060642093,77039.41498216409,81624.21670630203,82332.27853745542,80718.55321046372,79986.53656361475,81067.48870392391,79399.42835909632,78707.17508917954,83424.63406658742,90727.14863258025,104278.42092746729,112672.63614744351,122747.64001189059,129837.61860879904,145612.94084423303
0,2,7.527246642112732,0.4645599156618118,-0.36602117477829726,-0.25958144644862563,-0.10643972832967152,29.56022706224839,0.5234734342037701,509.46922192410887,1561.5488692985818,986.6719816021464,9.229354574336597,False,5,0.2676621194097154,874.551724137931,876.5862068965517,877.448275862069,877.551724137931,878.1379310344828,879.9827586206897,880.7241379310345,881.6034482758621,882.2413793103449,882.6551724137931,883.2068965517242,883.6206896551724,884.2068965517242,885.051724137931,885.551724137931,886.051724137931,886.6034482758621,887.0172413793103,887.6551724137931,888.2413793103449,889.3793103448276,889.7931034482758,890.051724137931,890.3620689655172,890.7586206896551,891.2241379310345,891.6379310344828,892.6206896551724,893.0862068965517,893.6896551724138,894.1034482758621,894.8103448275862,895.1551724137931,896.1206896551724,897.2413793103449,897.6034482758621,898.1551724137931,899.0689655172414,899.3448275862069,899.8448275862069,900.3448275862069,901.3275862068965,901.3103448275862,901.6034482758621,902.0689655172414,902.9310344827586,91471.86801426871,109486.7598097503,108027.55766944111,106226.41973840665,109668.94649227109,113508.22384066587,105902.54458977409,102452.13585017835,101463.90725326992,106235.46730083233,103772.99167657552,115473.89060642093,112088.40546967895,111662.49732461356,104771.73008323426,103972.18697978598,96566.48067776457,93764.74108204516,89132.91557669442,89515.73483947682,91370.338882283,87705.95719381688,85372.35939357907,84601.57580261595,83630.01070154578,81965.07045184306,80812.12752675386,86135.37336504161,84372.83739595719,81388.66230677765,76708.05826397147,73418.63644470867,75469.51040428063,73506.96819262781,69592.42449464923,69345.13585017835,68430.33799048752,64329.20214030916,63821.88109393579,64653.234542211656,69652.36385255647,79551.70303210463,84170.11058263973,93621.5496432818,98334.89179548156,111221.30558858502
0,1,7.694881844520569,0.46971879452466964,-0.4351235921819457,-0.30705820153733343,-0.12806539064461225,35.78814451490088,0.6299483829973291,492.8280805205368,1546.3014436762912,1000.7138064253762,8.355557907489926,False,5,0.2673944572903057,874.551724137931,875.9137931034483,876.0,876.1206896551724,875.9137931034483,876.2758620689655,876.0344827586207,876.0172413793103,876.0862068965517,875.5344827586207,875.2931034482758,875.4310344827586,875.4827586206897,875.3103448275862,875.2413793103449,875.0172413793103,875.2068965517242,875.3448275862069,875.2586206896551,875.0172413793103,874.8620689655172,874.8448275862069,874.5862068965517,875.051724137931,875.3103448275862,875.4137931034483,875.3448275862069,875.6896551724138,875.3793103448276,875.2931034482758,876.1379310344828,876.9137931034483,877.1724137931035,878.5172413793103,879.448275862069,880.3448275862069,880.3620689655172,882.3793103448276,884.0,885.7413793103449,887.0344827586207,888.9655172413793,888.3275862068965,888.4137931034483,888.6896551724138,888.5862068965517,91471.86801426871,102904.32015457787,91806.96551724138,83608.55439952438,80406.66498216409,82689.13079667064,80114.96432818072,76981.67211652793,76975.32015457787,83513.21432818074,83574.31064209275,91655.10731272295,91881.31866825208,97500.80023781213,93508.32104637336,98264.12039239003,94582.06064209274,93889.60523186684,92032.05380499407,97856.67211652795,106027.08442330558,105825.82074910821,107106.89774078477,110529.42835909632,112099.35196195006,109687.75980975029,108542.53626634958,118268.52437574317,120221.0285374554,123472.41409036862,115556.29131985731,118221.83739595719,127519.0737217598,123347.59453032105,119291.41973840668,125656.26040428063,127672.67925089179,119413.09750297267,119130.24137931035,122061.46759809752,129392.82639714627,139821.1022592152,148613.668549346,160764.79429250892,164590.86920332935,181578.3804994055
0,9,7.792968654632569,0.4610640451312065,-0.4489085977046722,-0.30588015104017807,-0.1430284466644941,40.115209816312074,0.703397233211479,522.2078561058236,1644.000483949024,1089.6399419261172,9.407153179539728,False,5,0.2671270628330154,874.551724137931,877.3793103448276,879.1206896551724,880.0344827586207,881.4655172413793,883.8448275862069,885.6034482758621,886.9310344827586,887.5172413793103,887.8448275862069,888.448275862069,889.2758620689655,890.0344827586207,890.8448275862069,891.3620689655172,892.4310344827586,892.8448275862069,893.7931034482758,894.2413793103449,894.9827586206897,896.0,896.5862068965517,897.3620689655172,897.948275862069,898.6034482758621,899.6206896551724,900.2586206896551,901.3965517241379,902.1034482758621,903.2241379310345,903.7931034482758,905.0172413793103,905.8793103448276,907.0344827586207,907.8965517241379,908.3448275862069,909.1551724137931,910.1206896551724,912.3103448275862,914.5689655172414,915.7241379310345,917.2241379310345,917.3103448275862,918.2068965517242,918.948275862069,920.4827586206897,91471.86801426871,103562.4768133175,85643.17508917957,72984.13674197384,62940.42122473247,62948.889714625446,59667.0324019025,58593.615933412606,59508.008323424496,63768.200059453025,68284.69560047562,79875.30321046374,79919.13674197384,82152.85523186684,77309.71373365042,83603.21076099883,79851.37247324613,82354.57788347204,80573.35552913198,88290.67211652795,102578.41379310345,107318.86325802616,112306.3344233056,117125.60077288943,120503.3772294887,124180.58026159334,122298.67449464923,134071.89447086802,136083.50653983353,145334.79458977407,139853.43995243756,145126.36177170035,155297.00267538644,148590.82639714621,141964.4375743163,147275.0535077289,145524.44143876337,138646.4509512485,132974.55885850178,135181.96938168845,142224.47562425685,156802.9670035672,165399.93816884662,182892.78478002374,191126.5662901308,213701.73246135554
0,6,7.82664303779602,0.4641830638051033,-0.3973329245241242,-0.21809804895480608,-0.17923487556931814,50.524637748381046,0.8816982188199508,469.27767647824953,1669.434878874707,1118.8588174003646,5.081963989783221,False,5,0.2668599357701824,874.551724137931,874.9655172413793,875.5689655172414,876.6379310344828,876.9655172413793,876.5862068965517,877.1034482758621,877.4310344827586,876.7931034482758,875.7068965517242,875.2586206896551,874.448275862069,873.8275862068965,872.9655172413793,872.6379310344828,872.1034482758621,872.2586206896551,871.948275862069,871.7241379310345,871.1724137931035,870.5,870.3275862068965,869.5344827586207,869.0,868.448275862069,867.8620689655172,867.7241379310345,866.7413793103449,866.0344827586207,865.1379310344828,865.5689655172414,864.7068965517242,864.0689655172414,863.8620689655172,863.7758620689655,864.1896551724138,864.8965517241379,866.7758620689655,868.4827586206897,869.8620689655172,870.9655172413793,869.6551724137931,869.1379310344828,868.7931034482758,868.3965517241379,867.3275862068965,91471.86801426871,96848.65398335316,87874.41765755054,80760.50683709868,74971.89536266349,73881.27705112963,72390.40309155764,70755.45214030916,62262.75029726518,59642.207193816874,55694.77794292509,53815.730083234244,51007.21165279429,50472.65398335316,47623.16200951249,48163.2996432818,44925.19173602852,43035.980083234244,40011.23424494649,40331.76337693222,43048.14655172414,42959.04785969084,41892.55915576695,41434.58620689655,41643.109393579085,41896.84304399524,40152.682520808565,44409.81242568371,44635.34363852557,45491.946492271105,42954.76248513674,46173.24167657551,48240.27110582641,46807.77407847801,45833.62217598097,44673.77437574316,43992.09274673007,43137.1739001189,42324.76694411416,44061.46373365042,46355.37812128418,51948.398335315105,55715.118906064214,60209.543400713446,63368.997919143876,72199.35820451843
0,2,7.910912537574768,0.47749105393886565,-0.4267534316731998,-0.32637169519471987,-0.1003817364784799,27.8578233284213,0.49415622623554617,489.17272104180944,1485.186657527987,921.16152615947,7.468425364208545,True,5,0.2663264827585778,874.551724137931,875.9310344827586,876.1379310344828,876.2413793103449,876.7413793103449,877.3275862068965,877.4137931034483,877.6034482758621,877.7931034482758,878.0862068965517,878.1896551724138,878.4137931034483,878.5689655172414,878.9827586206897,879.0344827586207,879.2586206896551,879.7241379310345,880.1724137931035,880.3448275862069,880.2413793103449,880.6896551724138,881.1034482758621,881.1896551724138,881.3965517241379,881.5862068965517,881.6896551724138,881.8448275862069,882.7758620689655,883.3448275862069,883.7586206896551,884.3275862068965,885.1551724137931,885.8103448275862,886.4655172413793,887.0,887.8965517241379,889.4137931034483,890.7241379310345,891.5862068965517,892.7068965517242,893.7068965517242,894.6724137931035,895.6206896551724,895.6379310344828,896.2068965517242,896.7758620689655,91471.86801426871,102900.82282996432,104155.22235434006,106872.8382877527,113911.46759809752,118286.22027348392,118934.17360285376,117119.79102259217,110026.26753864448,111863.63049940547,110402.42954815697,114927.2770511296,109860.48662306777,107527.6031510107,98745.8953626635,95652.32966706301,88486.47562425683,83928.34958382879,77696.05350772891,79271.5279429251,84158.11058263971,83010.02378121285,82382.9812722949,79740.37722948872,79742.72532699168,79875.7312722949,77638.57936979785,83635.76010701545,84087.70868014268,88869.63139120096,86470.59958382878,90315.71730083233,94848.77437574317,93052.8350178359,93855.62068965517,98354.23067776457,98658.44946492273,99683.30321046374,100979.75980975029,106882.65546967897,114260.00029726514,130238.18579072533,139802.8561236623,151641.40338882283,157079.853745541,176168.72562425683
0,1,7.8574824094772335,0.4739955186843872,-0.38655571981218667,-0.27058193778619466,-0.11597378202599193,32.33188720033356,0.5700151030312416,484.8060147381,1532.7526389165505,974.1137223660626,8.570693666419944,False,5,0.2660601562758192,874.551724137931,875.7586206896551,876.0344827586207,876.051724137931,876.1724137931035,876.7241379310345,876.7931034482758,876.948275862069,876.8103448275862,876.6206896551724,876.551724137931,876.448275862069,876.6551724137931,876.5689655172414,876.7413793103449,877.1724137931035,877.2413793103449,877.4137931034483,877.5344827586207,877.3448275862069,877.7931034482758,877.948275862069,878.1724137931035,878.7241379310345,878.8448275862069,878.9310344827586,879.051724137931,879.4310344827586,879.7758620689655,880.0344827586207,880.3448275862069,880.5689655172414,880.448275862069,880.4827586206897,881.0172413793103,881.6034482758621,881.6379310344828,881.7413793103449,881.7068965517242,881.8965517241379,881.7586206896551,882.0344827586207,881.7931034482758,881.551724137931,881.5689655172414,882.2931034482758,91471.86801426871,108653.5624256837,109413.03329369798,111659.98008323426,117285.45303210465,126977.2687277051,128177.43995243759,123427.84215219977,118737.25713436386,119525.33888228299,110828.07491082046,125442.90249702736,117499.225921522,112723.72800237813,100223.67449464923,97741.41854934602,90233.25208085611,84237.00118906064,78121.04191438762,77368.70868014268,81607.40546967895,77478.32491082046,74286.28061831155,71939.16527942926,70487.37247324614,69533.06420927467,64541.531807372165,69454.59007134364,66317.86355529132,65931.82639714624,62944.43281807371,64397.76248513674,69534.10939357909,66581.6634958383,64765.39625445899,67592.61860879905,69211.88614744353,67145.05380499407,67821.7244351962,72414.88585017837,77498.5624256837,86758.033293698,93042.47443519621,100596.62663495839,104714.86593341263,119868.34512485136
0,10,7.959988832473755,0.48831049650907515,-0.4380479573246344,-0.29490538069960254,-0.14314257662503194,40.08556357622478,0.7030494845498045,576.3786169365543,1666.8620254844705,1184.3519378816034,10.875361185048673,False,5,0.26579409611954335,874.551724137931,876.2413793103449,876.7758620689655,877.1896551724138,876.8103448275862,876.9827586206897,877.5,877.9827586206897,877.9137931034483,877.5862068965517,877.2241379310345,877.1724137931035,877.1896551724138,876.8103448275862,876.7586206896551,876.5172413793103,876.5862068965517,876.6034482758621,876.6034482758621,876.4310344827586,876.9137931034483,877.2241379310345,876.7241379310345,876.6379310344828,877.1379310344828,877.2241379310345,877.5,877.3275862068965,877.1206896551724,877.8620689655172,878.6724137931035,879.0344827586207,879.2241379310345,879.7758620689655,880.5689655172414,881.2241379310345,882.448275862069,884.3965517241379,886.6896551724138,889.6206896551724,891.8275862068965,894.7586206896551,894.7068965517242,894.9655172413793,895.4310344827586,896.7758620689655,91471.86801426871,113846.18311533888,111403.10493460167,108938.39506539833,116999.3260998811,125937.56866825208,122280.97413793103,117740.87901307967,107317.42360285376,103419.38049940547,94061.96700356716,110695.03923900118,103866.05023781212,104361.15368608799,96240.28656361476,95893.56004756244,90503.31153388822,88148.13585017837,86274.894470868,90322.10731272295,96506.42360285373,96857.79458977407,96360.40665873961,98756.57580261595,94879.08442330557,94340.34631391204,96437.49137931035,105032.01337693223,108708.65784780023,113524.11890606422,115849.3237217598,126154.17122473246,137846.72562425685,139858.10493460167,142698.3142092747,150356.9325208086,151334.07491082046,149424.8599881094,150449.5933412604,157009.85612366226,161328.55648038047,174022.39001189062,181977.27615933408,202491.03329369792,208403.7280023781,233334.3807966706
0,3,8.011333632469178,0.4491457387804985,-0.4147355833982866,-0.2492815094605734,-0.16545407393771322,46.66042056793085,0.815262651665809,544.1380689011794,1652.083027920304,1208.9711467981608,9.136368003879483,False,5,0.2655283020234238,874.551724137931,877.1206896551724,877.3965517241379,877.3448275862069,877.7586206896551,879.2068965517242,879.5344827586207,880.0862068965517,880.3965517241379,880.5,880.948275862069,881.3793103448276,881.7586206896551,882.551724137931,882.8793103448276,883.8275862068965,884.3448275862069,884.8620689655172,885.2931034482758,885.3275862068965,885.9310344827586,886.3965517241379,886.7413793103449,887.3793103448276,887.8793103448276,888.5862068965517,889.4137931034483,889.8103448275862,890.0172413793103,890.8448275862069,891.4655172413793,891.6551724137931,891.8965517241379,892.0344827586207,892.5862068965517,893.4137931034483,894.051724137931,896.6724137931035,898.9655172413793,900.7413793103449,902.948275862069,903.3793103448276,903.0344827586207,902.8965517241379,903.0172413793103,903.448275862069,91471.86801426871,114185.24405469678,102152.13585017837,94997.67419738407,95220.56242568372,95832.64684898932,88499.04191438764,84040.5270511296,72767.48067776457,66023.38793103448,60966.60077288942,67384.78715814507,60787.49346016646,59275.592152199766,52550.657847800234,49698.45303210463,46604.019024970265,45013.877526753866,42528.13822829964,43188.84096313912,46034.47800237812,44964.72205707491,44109.950356718204,44301.64922711059,45027.03715814506,43901.17360285374,43103.932223543394,46750.63644470869,46314.49970273485,51289.82074910821,51378.24881093937,55704.77764565993,64006.403091557666,63430.24019024971,62261.89774078478,65617.31153388822,65419.01456599286,59159.4616527943,57736.41260404281,58802.84690844232,58825.29042806183,64713.787158145074,69802.48156956004,79182.16171224733,84154.67211652795,96451.97146254458
0,2,7.9086240291595455,0.4676025867462158,-0.44713018400610527,-0.2619803826510351,-0.18514980135507011,52.20365687043321,0.9102138184375042,477.74780158797915,1706.7524118500812,1181.9252113036796,7.744214352894027,False,5,0.2652627737214004,874.551724137931,875.9137931034483,875.8965517241379,875.5172413793103,875.3965517241379,875.6551724137931,876.8448275862069,877.6379310344828,877.7586206896551,876.948275862069,877.1034482758621,877.1724137931035,877.8275862068965,878.7413793103449,879.5172413793103,879.8448275862069,880.7758620689655,881.7068965517242,882.1206896551724,881.6724137931035,881.4655172413793,881.6206896551724,881.3965517241379,881.2758620689655,881.3793103448276,881.6724137931035,881.7413793103449,882.1551724137931,882.5862068965517,882.5862068965517,882.3103448275862,882.4137931034483,882.4137931034483,883.1034482758621,883.8620689655172,883.4655172413793,883.7413793103449,885.5172413793103,887.1551724137931,888.551724137931,889.9310344827586,889.551724137931,888.8448275862069,888.7931034482758,888.5344827586207,888.2413793103449,91471.86801426871,106659.56153388823,90804.95481569559,81788.3531510107,75674.79102259214,71976.53626634958,68170.3379904875,66825.71373365041,58083.07966706303,53093.60077288942,48160.1272294887,51755.93579072533,50682.901307966706,50702.15725326993,46307.24970273484,46536.234542211656,43990.932520808565,44040.0692627824,42444.83026159335,44912.254756242575,49279.42122473246,48441.89060642094,48795.170332936985,49765.33769322235,50294.30439952438,51430.42717003567,50937.19173602853,55454.33799048751,56011.24256837098,58596.62187871582,58851.69678953627,61867.897740784785,66425.58739595719,67178.33412604044,67012.70511296076,68300.38674197384,72146.74346016647,74102.42211652795,76102.64833531511,78595.10939357907,80472.68489892985,89156.62663495837,95439.3379904875,105183.40546967895,107813.49019024972,118243.80380499407
0,5,7.928805088996887,0.48823033422231676,-0.3954499191423342,-0.26556279891617846,-0.12988712022615578,36.27560604089297,0.6380010263215528,557.2485536433541,1629.2268766019772,1111.6825338703773,10.591169491157089,True,5,0.2647325134367313,874.551724137931,875.8275862068965,876.448275862069,876.6551724137931,877.4655172413793,878.5862068965517,879.1896551724138,879.7586206896551,880.1551724137931,880.1551724137931,880.4655172413793,880.6896551724138,881.2241379310345,881.6896551724138,881.948275862069,882.2931034482758,882.5344827586207,883.0,883.3103448275862,883.2758620689655,883.7931034482758,884.1034482758621,884.6379310344828,885.1896551724138,885.6379310344828,885.9137931034483,886.8103448275862,887.551724137931,888.7586206896551,889.3275862068965,890.051724137931,890.6551724137931,890.8448275862069,891.3620689655172,891.8275862068965,891.9310344827586,892.2241379310345,892.448275862069,892.6206896551724,893.1206896551724,893.3793103448276,894.0862068965517,894.1206896551724,894.1551724137931,894.3620689655172,894.9827586206897,91471.86801426871,115806.48751486326,118160.59215219977,121538.46730083233,137515.04191438766,151356.966706302,147266.53299643283,141461.01070154575,131379.26902497027,130020.44143876339,125421.59363852556,130369.04161712245,121394.20838287754,116692.48989298452,106102.2214625446,104187.79340071343,97264.59363852556,91280.37931034483,84252.31747919144,85185.44114149823,88247.26753864448,84654.40309155766,81697.09304399525,78871.15368608799,74619.98959571937,72774.04429250892,69890.56747919144,75947.6956004756,76659.11414982163,81491.9788941736,81459.66973840666,84589.77764565992,90757.09661117718,90715.12752675387,93305.2116527943,96598.54696789537,101348.6566587396,99701.1438763377,99494.92508917952,103908.69233055883,111760.89060642093,123387.63049940548,134158.03715814505,148817.6483353151,153687.71373365042,168416.01694411412
0,3,7.897789692878723,0.4441747799515724,-0.34534545199247735,-0.23275645220729962,-0.11258899978517777,31.419583008976314,0.5545064950648276,478.27997682950377,1472.9200617879899,949.0464375362039,7.816221807645134,False,5,0.2644677809232946,874.551724137931,875.2241379310345,874.948275862069,874.8448275862069,874.551724137931,874.3103448275862,874.5344827586207,874.6034482758621,874.551724137931,873.9827586206897,873.9310344827586,873.7931034482758,873.6724137931035,873.7586206896551,874.0689655172414,874.3275862068965,874.5,874.3620689655172,874.2758620689655,874.1896551724138,874.3620689655172,874.2241379310345,874.3448275862069,874.2586206896551,874.7068965517242,874.6379310344828,874.7586206896551,874.8275862068965,875.2758620689655,875.0172413793103,875.1206896551724,875.1551724137931,875.1379310344828,875.0862068965517,875.448275862069,874.948275862069,874.8965517241379,875.448275862069,876.4655172413793,877.3448275862069,877.2241379310345,877.5689655172414,877.3620689655172,877.1034482758621,877.2413793103449,877.5689655172414,91471.86801426871,110787.72562425683,106831.2559453032,102310.09661117718,106554.86801426874,108920.38644470868,104218.49019024971,96402.89447086802,90054.59215219977,89370.39625445896,86545.54696789537,93881.88822829965,88248.39268727705,90249.25208085611,81306.61593341263,78593.46165279429,70382.83620689655,67430.54131985732,60706.923900118905,56897.36058263971,56429.05856123662,52769.1394173603,48584.36385255648,45644.57104637336,41794.31064209274,40203.299940546975,38688.252080856124,41781.5564803805,40914.54458977408,44310.43073721759,43583.00267538645,48593.54488703924,57283.18787158145,56662.8373959572,55459.69560047562,59483.01456599287,61452.9548156956,56827.21284185494,55467.90398335314,58374.01902497027,64508.208382877536,75850.79696789537,86487.71373365041,98836.23067776456,108188.04518430441,124468.3831747919
0,0,7.943246579170227,0.5512158244848251,-0.4235431083132296,-0.30389265233469487,-0.11965045597853471,33.35133512878493,0.5884817860305018,478.2035911975159,1513.0554880518428,948.4973673552046,5.6444688153778015,False,5,0.2642033131423713,874.551724137931,874.6551724137931,874.4655172413793,874.1206896551724,873.3103448275862,873.0,872.8965517241379,872.3275862068965,871.6034482758621,870.7241379310345,870.1896551724138,869.6551724137931,869.1551724137931,868.1206896551724,867.8793103448276,867.9827586206897,867.6551724137931,867.551724137931,867.4827586206897,867.4137931034483,867.2586206896551,867.2758620689655,867.2068965517242,867.0689655172414,867.4137931034483,867.1206896551724,867.0689655172414,866.0344827586207,865.551724137931,864.9827586206897,864.948275862069,865.0344827586207,864.3275862068965,863.9827586206897,863.8448275862069,863.5689655172414,863.9655172413793,866.0172413793103,867.3448275862069,868.1896551724138,868.8103448275862,869.5862068965517,870.6379310344828,869.8965517241379,869.5862068965517,868.6379310344828,91471.86801426871,100889.98454221166,85307.17984542213,74313.4164684899,67524.24851367419,65534.65517241379,60853.54102259215,59971.978894173604,60246.17033293698,64345.13079667062,64252.29161712247,69513.98454221165,70023.3379904875,69765.31302021403,65882.76129607609,67774.05142687277,64690.57074910821,64360.1438763377,62078.90487514863,60221.10463733652,62105.57104637336,61971.85493460166,61878.88822829965,62881.68489892985,61725.96670630202,61910.31302021403,60833.37455410225,67970.7229488704,70632.66111771698,79102.22384066587,84445.84215219977,92150.03329369797,103198.7719976219,104748.05142687277,106220.95868014266,110846.48662306779,112274.55053507729,100891.05142687277,99455.225921522,102850.80885850178,109374.18816884662,120491.31153388823,126593.16200951248,134513.57550535077,135420.5873959572,149391.67925089182
0,3,8.003559517860413,0.5212673991918564,-0.4503970281572893,-0.33132705109861443,-0.11906997705867489,33.058829663746046,0.5848135064457972,552.5337754683441,1577.9626692191987,1083.0557910570217,10.7269178165989,False,5,0.2639391098292289,874.551724137931,876.1724137931035,876.6724137931035,876.8448275862069,876.6724137931035,876.7758620689655,877.1724137931035,877.5,877.4827586206897,876.7586206896551,876.9137931034483,876.6896551724138,876.551724137931,876.2241379310345,876.3620689655172,876.2068965517242,876.0,875.7758620689655,876.0689655172414,875.6206896551724,875.3275862068965,875.1206896551724,874.8793103448276,874.8275862068965,874.6206896551724,874.5862068965517,874.3965517241379,874.3275862068965,874.0689655172414,874.0172413793103,873.8103448275862,873.5862068965517,873.1724137931035,872.9827586206897,873.0344827586207,872.448275862069,872.6379310344828,874.3965517241379,876.0172413793103,877.7068965517242,878.9655172413793,880.1206896551724,879.5689655172414,879.1379310344828,878.8965517241379,879.051724137931,91471.86801426871,105837.52199762188,91021.42717003568,77181.30350772888,70663.6340665874,66707.72562425683,62494.48751486326,59080.525862068964,58646.31866825208,63973.90725326991,65804.80291319857,73473.80023781213,73602.9714625446,75474.96700356716,73869.6792508918,75592.68133174792,70935.3448275862,69737.38079667064,69428.85731272295,69386.64922711058,69983.56510107015,68542.83026159334,66376.9337098692,66273.41854934602,64927.58026159334,63996.897740784785,59844.65309155768,65448.082342449474,67821.71938168847,75055.15487514864,80110.4985136742,89806.82877526754,103858.76337693224,106350.94797859689,105695.37812128419,117578.76456599285,121347.67925089179,102506.54964328179,86634.18935790725,79902.68995243756,79119.68846611178,83806.41646848989,88158.10731272293,97032.01545778834,102422.67895362664,112242.70422116527
0,3,8.102896451950073,0.5404609635472297,-0.47540360545810517,-0.3296484131475025,-0.14575519231060263,40.6253751048763,0.7154351302897826,501.6152641197459,1644.0474284222435,1071.4689757201288,8.69991323895194,False,5,0.26367517071939967,874.551724137931,875.2413793103449,876.3620689655172,877.5172413793103,878.7931034482758,879.3620689655172,879.8448275862069,880.6724137931035,880.6896551724138,880.1379310344828,879.6724137931035,879.4655172413793,879.3103448275862,879.2586206896551,879.6896551724138,879.7586206896551,879.5689655172414,879.5172413793103,879.7586206896551,879.5,879.448275862069,879.6724137931035,880.1206896551724,880.0344827586207,880.2241379310345,880.1724137931035,880.8448275862069,880.9137931034483,880.9655172413793,880.948275862069,880.7931034482758,880.6551724137931,880.0862068965517,879.9655172413793,879.7586206896551,878.8620689655172,878.5344827586207,880.6896551724138,882.5862068965517,884.4827586206897,885.7931034482758,887.6379310344828,888.8620689655172,888.5689655172414,888.4310344827586,888.448275862069,91471.86801426871,107411.66587395956,93025.92063020215,80822.49108204519,73199.06064209275,72695.43787158145,67468.3035077289,66840.35820451843,64804.076099881095,69390.9464922711,70413.15130796669,81705.69708680142,82542.35196195006,87187.74346016646,84077.55885850177,87231.39001189062,84014.55558858502,82756.0083234245,79941.94173602854,80317.56034482758,84701.35077288943,84742.77199762188,85749.45095124851,89581.13674197384,92959.38079667062,95906.83234244947,95169.26902497029,104958.25118906063,109408.30915576695,126326.46284185494,132651.853745541,149596.91557669445,172690.76843043996,178422.51605231868,184039.28656361476,199048.94649227115,203483.04191438764,184295.76575505343,174131.8977407848,172739.59453032105,180435.78478002382,192814.92063020213,199128.87752675384,220558.83145065396,225970.41765755054,246721.59215219977
0,0,8.159759902954102,0.5545377388596535,-0.3401895620910468,-0.25033098342219834,-0.08985857866884836,24.86977239841962,0.44308900060491674,493.4280072404147,1464.1219351653776,862.9766332071746,4.289655558950201,True,5,0.26314808405313156,874.551724137931,874.3448275862069,874.3275862068965,874.0344827586207,873.6724137931035,873.0862068965517,872.9827586206897,872.7068965517242,872.3620689655172,872.1724137931035,872.3620689655172,872.4137931034483,872.7586206896551,872.8448275862069,873.2413793103449,873.2931034482758,873.1551724137931,873.2586206896551,873.3620689655172,873.051724137931,873.3103448275862,873.3965517241379,873.7758620689655,874.2413793103449,874.8103448275862,875.2586206896551,875.9137931034483,875.8793103448276,876.4137931034483,876.1034482758621,876.9137931034483,877.3275862068965,877.6379310344828,878.3620689655172,879.1379310344828,879.7931034482758,880.6724137931035,881.5689655172414,882.6034482758621,882.9655172413793,884.0689655172414,884.1379310344828,885.1551724137931,885.3448275862069,885.9310344827586,886.5862068965517,91471.86801426871,92229.53626634959,87117.97889417359,86030.79191438762,83111.32372175979,86846.38912009513,84868.18935790725,88558.51753864446,81715.024078478,84184.24613555292,82546.16200951248,84101.5873959572,80749.59690844234,78845.1310939358,74030.21759809752,74646.79340071343,70840.78626634959,70861.39863258027,68816.26545778835,70150.29042806182,75760.7312722949,77292.5151605232,78750.10493460167,78403.04518430438,77304.91230677765,77184.70897740783,77849.56153388822,88139.89922711061,92469.55291319857,97580.29964328182,94444.32015457787,100896.59958382878,114316.3689060642,113390.88614744351,113649.46373365042,116965.02615933413,121091.42717003568,116630.3486920333,116950.0324019025,124515.10225921523,134456.9607609988,159040.87752675384,171502.30350772888,187427.32936979787,197567.85731272298,222906.4494649227
0,11,8.253881931304932,0.5614025011658669,-0.4665063202838327,-0.3691339566039746,-0.0973723636798581,27.044890085024026,0.47952680860236513,527.3437111801243,1531.0150621118012,976.055201863354,10.798073128048628,False,5,0.2628849359690784,874.551724137931,875.0689655172414,874.3965517241379,873.6206896551724,872.2758620689655,870.9827586206897,870.5,870.2068965517242,869.8275862068965,868.5689655172414,868.1379310344828,867.5,866.9137931034483,866.2931034482758,866.551724137931,866.2413793103449,866.6206896551724,866.5344827586207,866.448275862069,865.9827586206897,865.7586206896551,866.3448275862069,866.448275862069,866.8275862068965,867.1034482758621,867.3965517241379,867.6551724137931,868.2931034482758,868.9310344827586,870.1896551724138,871.3965517241379,872.1206896551724,872.3620689655172,873.2241379310345,874.0344827586207,874.2586206896551,874.8620689655172,875.5344827586207,876.3620689655172,877.1724137931035,878.1896551724138,879.3965517241379,879.6206896551724,878.7758620689655,878.8103448275862,879.1724137931035,91471.86801426871,115180.9607609988,114097.17033293698,113614.85612366229,123552.4066587396,131334.87901307968,130753.66379310345,125296.95719381688,124339.52199762188,130589.93489892985,131545.11890606422,151133.31896551725,146089.04429250892,149171.5865041617,143182.69560047562,143869.04518430438,136605.06302021406,133192.07639714627,127586.1783590963,124964.39625445897,124957.45897740783,114602.81212841856,108200.17835909632,104839.31510107017,103327.71343638525,99924.34274673008,97940.67419738405,103893.93133174792,101673.82282996431,103862.6709274673,102955.61860879905,107394.45095124852,118024.29994054696,116574.93252080855,114859.79191438762,118848.08828775267,120077.80856123661,119542.90398335316,119277.67925089179,123463.97027348395,131123.153686088,146836.79102259217,153792.20095124847,168342.69114149825,175790.01575505352,199869.21165279424
0,4,8.169529724121094,0.5656144306063652,-0.3769868955118673,-0.26878346362918876,-0.10820343188267859,30.07635855979843,0.5313466225509782,509.04908453447604,1518.4874951305026,999.9883911180366,9.285140902974403,False,5,0.2626220510331093,874.551724137931,875.7758620689655,875.7931034482758,875.5,875.2758620689655,875.2413793103449,875.448275862069,875.3448275862069,875.1206896551724,874.3620689655172,874.2758620689655,874.1034482758621,873.9655172413793,873.9310344827586,873.948275862069,873.6034482758621,873.8620689655172,873.8620689655172,873.8103448275862,873.6896551724138,873.6034482758621,873.4655172413793,873.5,873.5344827586207,873.5689655172414,873.5689655172414,873.5,873.3965517241379,873.5172413793103,873.448275862069,873.4310344827586,873.2068965517242,872.8275862068965,872.7241379310345,872.6034482758621,872.1551724137931,872.2758620689655,872.2586206896551,872.2241379310345,872.4137931034483,872.2931034482758,872.3965517241379,871.8103448275862,871.2931034482758,871.9310344827586,872.3793103448276,91471.86801426871,108205.6566587396,101375.88822829965,99029.87068965517,103049.44114149822,97855.28656361473,91898.1438763377,87093.60523186684,85349.10612366229,87656.85166468489,87313.2687277051,99096.40309155766,97487.99881093935,100012.71938168847,95997.15249702735,97968.58412604043,92275.80856123663,93154.39476813318,90414.87782401903,82090.7657550535,80342.3427467301,72802.00743162901,68997.5948275862,65745.28329369797,62120.210760998816,61079.934898929845,59359.56034482759,63840.75653983353,63970.59453032104,67011.52318668252,67837.65903686087,71106.71581450653,76389.34958382878,72645.85493460167,70163.48067776457,72170.06212841855,74243.57907253271,69601.98483947682,67530.51872770513,71314.58739595718,76416.55202140307,89181.06688466111,96852.91230677765,107581.68995243756,112873.34007134364,130479.89060642093
0,12,8.375431513786316,0.5261653378605843,-0.46343849692656275,-0.34515597564332484,-0.11828252128323798,32.795817235177566,0.5801489055982035,611.6741740767184,1588.7941195560459,1162.4050756149802,11.265473707482608,False,5,0.2623594289820762,874.551724137931,876.5,876.2586206896551,876.1724137931035,876.2931034482758,876.448275862069,876.1551724137931,876.0,875.7413793103449,875.1896551724138,875.3448275862069,875.2586206896551,875.2241379310345,874.9655172413793,875.0862068965517,875.3448275862069,875.5,875.448275862069,875.5689655172414,875.4137931034483,875.4655172413793,875.3448275862069,875.0862068965517,875.2241379310345,875.0172413793103,875.1379310344828,875.7241379310345,876.051724137931,875.9137931034483,875.7931034482758,875.8275862068965,875.8793103448276,875.3103448275862,875.7068965517242,875.5862068965517,875.2413793103449,874.9655172413793,874.9310344827586,875.1896551724138,875.2931034482758,874.9827586206897,875.4827586206897,874.6034482758621,874.3620689655172,874.2413793103449,874.1379310344828,91471.86801426871,110045.11206896552,102209.39863258025,97720.69441141498,101277.20719381688,102463.10939357907,94833.30350772891,89085.41379310345,91719.74346016647,100080.87782401903,105987.08799048749,121036.53656361473,124030.38079667064,135028.2057074911,131465.45808561236,139476.46730083236,136359.66379310345,138004.07491082043,133367.3142092747,124073.79429250893,120447.38674197382,114088.98454221165,106290.42360285376,101498.93252080855,97198.81004756242,93586.1189060642,89232.2687277051,94701.98008323426,94471.49256837099,99251.43995243759,96753.03923900121,102341.38198573128,107524.83472057075,104562.4140903686,100478.89774078479,106093.42449464923,106293.13674197382,96372.89179548158,95636.77437574315,97742.75891795484,103848.39625445897,115838.35315101068,125939.13585017837,142904.05856123663,146544.8727705113,162670.80856123663
0,7,8.222345781326293,0.5273713439702987,-0.3478140348452029,-0.23862845748766184,-0.10918557735754103,30.316081191275284,0.5377122953887602,488.11930977814296,1509.12202136401,972.4398520953164,9.36816706947072,False,5,0.26209706955309414,874.551724137931,875.7413793103449,875.0862068965517,874.7068965517242,873.7586206896551,873.0344827586207,872.8448275862069,872.7931034482758,872.7413793103449,872.2758620689655,871.8620689655172,871.7241379310345,871.2758620689655,870.7758620689655,870.4310344827586,870.4137931034483,870.1896551724138,869.8448275862069,870.0172413793103,869.6551724137931,870.2931034482758,870.4137931034483,870.551724137931,871.0172413793103,871.051724137931,871.2068965517242,871.6206896551724,871.4310344827586,871.3793103448276,871.0344827586207,871.2241379310345,871.5172413793103,871.8965517241379,872.7413793103449,873.5862068965517,874.2758620689655,874.9655172413793,877.7758620689655,879.9827586206897,881.5172413793103,882.3620689655172,883.7413793103449,883.051724137931,882.8620689655172,882.7413793103449,882.8620689655172,91471.86801426871,109771.91587395957,96406.49256837099,86521.00029726516,82852.45897740786,75584.58501783591,67026.06212841856,58773.646848989294,59445.984839476805,62673.16527942925,64894.601664684895,71764.85493460167,72466.19976218788,74619.62217598097,73136.07282996432,74378.24256837099,73319.63644470867,74765.23454221165,74156.0859096314,67183.43281807372,63474.241676575504,59214.24256837098,56067.97146254459,53390.60315101069,52636.18697978596,51625.88822829964,49001.06302021403,53432.107312722954,53901.407847800234,55718.10225921521,56802.93252080857,59089.973840665865,62494.67895362663,59829.605529131986,55893.414982164104,54614.71700356719,52262.68846611177,44111.76010701546,38477.56866825208,37876.008323424496,39275.47235434007,43512.74346016648,46663.462841854926,50625.360285374554,51932.32966706303,58256.49821640903
0,13,8.177821564674378,0.4822937250137329,-0.33946636541798997,-0.23583036167205532,-0.10363600374593464,28.808512599508227,0.5099069185556374,573.7288587700959,1528.4725686684449,1049.6393915362987,9.195437052691641,True,5,0.2615731375110575,874.551724137931,876.8103448275862,877.0344827586207,876.7758620689655,877.3620689655172,878.8620689655172,879.4827586206897,880.5862068965517,881.0172413793103,881.0689655172414,881.6034482758621,882.0,882.5689655172414,882.8448275862069,883.2931034482758,883.9655172413793,884.2586206896551,885.2931034482758,885.551724137931,885.8275862068965,886.4137931034483,887.0344827586207,887.2241379310345,887.4310344827586,887.7931034482758,888.1896551724138,888.5862068965517,889.5862068965517,890.2413793103449,890.948275862069,891.0172413793103,891.8275862068965,892.7413793103449,893.2068965517242,893.6896551724138,893.9137931034483,894.5689655172414,895.2068965517242,895.448275862069,895.8448275862069,896.2758620689655,897.1724137931035,896.9310344827586,896.7931034482758,896.9827586206897,897.7758620689655,91471.86801426871,107316.87782401901,108559.51605231868,107208.6566587396,112838.71373365041,115832.63614744351,111218.76694411415,102362.10463733651,89922.18935790725,85127.65041617121,76236.3772294887,84681.72413793103,74822.5211058264,73545.1655766944,69093.31064209275,68812.48156956006,64032.98483947682,60537.10374554102,55860.212841854926,56982.38406658739,59525.759809750285,59079.44708680143,59321.96700356717,59850.10731272294,59482.09512485137,57352.77437574317,57880.966706302024,63031.518430439966,62528.14863258026,66211.29042806182,66431.39625445897,70965.90130796669,81081.91587395954,81854.54340071343,84400.00713436384,91494.49256837097,97853.0383472057,96356.09512485136,98240.93697978598,103961.40695600475,112550.16527942926,125222.69441141498,134804.30558858503,148817.75029726516,155408.25832342447,170501.1739001189
0,34,8.272565507888794,0.6023605570197106,-0.47454905463101016,-0.38113564991465926,-0.09341340471635097,25.837030670745833,0.45991860140159446,575.0307067974298,1502.3287791680757,1032.1703753804532,10.739323780074294,False,5,0.2613115643735464,874.551724137931,876.2758620689655,875.9827586206897,875.7586206896551,875.1896551724138,874.8103448275862,874.3448275862069,874.3103448275862,874.1206896551724,873.5689655172414,873.4137931034483,873.4827586206897,873.1896551724138,872.8620689655172,873.0172413793103,873.6206896551724,873.9310344827586,874.4137931034483,874.5172413793103,874.4310344827586,875.551724137931,876.3620689655172,877.0172413793103,877.6551724137931,878.2931034482758,878.5344827586207,879.4827586206897,880.2586206896551,880.7931034482758,881.9137931034483,882.2931034482758,882.9655172413793,883.5344827586207,883.8965517241379,884.7758620689655,885.2758620689655,885.9655172413793,886.4310344827586,887.2413793103449,888.8793103448276,889.8620689655172,891.1551724137931,890.9137931034483,891.3448275862069,892.5862068965517,893.1724137931035,91471.86801426871,116445.78596908442,115800.46521997622,120162.25208085614,132055.4985136742,137728.91230677764,131501.53626634955,128800.14506539833,123856.89922711057,122309.27972651605,117203.44946492273,128081.38763376931,123144.56747919144,124460.36028537455,117270.81004756242,114384.85612366229,107088.6159334126,104677.55291319858,100744.11177170035,103984.79696789537,108216.76456599285,105368.40338882283,102626.05142687277,104823.26040428063,105697.5865041617,104383.45570749106,104373.24970273484,113584.50208085611,116171.61236623068,123176.59601664684,127280.68995243759,141279.75743162903,162394.4212247325,164290.2996432818,165214.82907253268,177302.82045184306,183719.58501783593,169497.07282996434,164494.28656361476,166230.2095719382,178170.56718192628,197468.54488703926,207959.21670630202,219814.3293697978,225978.41498216416,253981.45303210465
0,22,8.526460766792297,0.6243960648775101,-0.5134372711234569,-0.4114226349172191,-0.10201463620623792,28.27201428260315,0.5018127536783562,558.8223628691983,1515.5005625879044,1026.920112517581,10.935539138975509,False,5,0.2610502528091729,874.551724137931,877.5,878.5862068965517,879.1206896551724,880.4655172413793,882.9137931034483,884.0689655172414,885.1896551724138,885.948275862069,886.8448275862069,887.6896551724138,888.4137931034483,889.1724137931035,889.7758620689655,890.3103448275862,891.4310344827586,892.1206896551724,892.8620689655172,893.2413793103449,893.8103448275862,895.0,895.7241379310345,896.5172413793103,897.2586206896551,898.4137931034483,899.5689655172414,900.2931034482758,901.7931034482758,903.2241379310345,904.0172413793103,904.6551724137931,906.051724137931,907.2758620689655,908.5172413793103,909.8448275862069,910.2931034482758,911.0862068965517,911.6034482758621,912.0862068965517,913.4655172413793,914.448275862069,916.0344827586207,916.0344827586207,916.7413793103449,917.2241379310345,918.9827586206897,91471.86801426871,110220.66379310345,106265.17360285376,102236.55439952438,105858.00743162901,107636.56153388823,98324.30558858502,94164.91230677764,91252.11801426874,96025.02764565992,97222.52437574315,111223.89774078477,112477.21165279429,117521.4842449465,114679.04161712248,124254.0038644471,120953.38198573125,121156.7395957194,120609.3900118906,127596.53299643284,137803.93103448275,138771.5790725327,141015.8359096314,148180.19173602856,151659.93222354344,154913.5900713436,156846.7589179548,177424.50891795478,188465.44976218793,205379.25832342452,218667.29488703926,245441.7731866825,275032.71700356714,289659.00832342444,305446.3724732461,329882.6209869203,348323.21670630196,333503.4117122473,322592.42360285367,328533.31777645653,346118.86801426875,375426.51605231874,393559.2401902497,430168.0882877526,440131.10493460175,475009.6031510106
0,2,8.434715986251831,0.6653505653142929,-0.34987841442029344,-0.24375229867543335,-0.10612611574486,29.369950922449657,0.5212686605411598,491.03091447611996,1529.627082562014,944.5584968530173,7.352921204195487,False,5,0.26078920255636373,874.551724137931,876.8793103448276,877.6379310344828,877.8448275862069,879.3275862068965,881.8275862068965,883.1551724137931,884.4655172413793,885.1724137931035,885.9655172413793,886.4655172413793,887.0689655172414,888.0,888.948275862069,889.448275862069,890.3965517241379,890.9137931034483,891.6896551724138,892.4137931034483,892.8965517241379,894.2241379310345,894.8620689655172,896.0,896.7068965517242,897.3620689655172,897.9137931034483,898.6379310344828,900.0172413793103,900.948275862069,902.051724137931,902.6896551724138,903.9137931034483,905.2241379310345,906.448275862069,907.4137931034483,907.9137931034483,908.9137931034483,909.6206896551724,910.2586206896551,911.5172413793103,912.1724137931035,913.9655172413793,914.1034482758621,914.5862068965517,915.1034482758621,916.551724137931,91471.86801426871,105174.69233055884,92968.36890606422,82348.06212841855,76117.59958382878,72339.03923900118,65934.78626634959,59494.66260404281,53335.76337693222,52676.99881093936,50125.00743162901,55146.96076099882,55804.34482758621,58532.77318668252,55341.07491082045,58343.0324019025,55733.527051129604,54686.834720570754,53486.03567181926,52498.6099881094,52956.24286563616,52388.87752675387,52833.31034482759,52461.10374554102,53488.851664684895,52664.14774078478,53978.472354340076,61761.60315101072,63538.42835909632,75176.4283590963,81759.45541022593,95709.45808561236,118986.34631391201,132112.10939357907,144920.17360285373,162045.07877526752,179662.45808561236,152798.61474435194,137581.2951843044,139192.0428061831,143338.62544589775,162678.41260404277,177754.43757431625,200038.07015457793,208329.0237812129,232473.3507728894
0,14,8.311662125587464,0.587802055478096,-0.37959009867624566,-0.2702066232007983,-0.10938347547544733,30.33775352083983,0.5371541653388205,479.74065952601836,1473.5905372353884,956.00565067049,8.111797631777419,False,5,0.2605284133538074,874.551724137931,875.7758620689655,875.8275862068965,875.6206896551724,875.5172413793103,875.4655172413793,875.3448275862069,875.2413793103449,874.948275862069,874.1379310344828,874.1206896551724,874.2068965517242,873.9137931034483,873.5862068965517,873.6551724137931,873.3620689655172,873.2241379310345,872.9310344827586,872.7413793103449,872.3275862068965,872.0344827586207,872.1896551724138,872.4310344827586,872.5172413793103,872.6034482758621,872.4137931034483,872.2758620689655,872.1034482758621,871.7068965517242,871.5,871.3793103448276,871.0862068965517,870.7413793103449,870.5172413793103,870.7068965517242,870.0172413793103,869.8965517241379,871.5689655172414,872.5172413793103,873.6206896551724,874.5862068965517,875.4137931034483,875.3103448275862,875.0344827586207,874.8793103448276,875.0344827586207,91471.86801426871,106292.82907253271,90887.03923900118,76104.58026159336,64303.1807372176,58887.1453626635,52613.46730083235,46840.94173602853,47500.2559453032,51196.463733650424,51231.07164090369,58725.8192627824,57667.699464922705,60376.31153388823,56505.50178359095,56619.02407847798,54796.1739001189,53390.23662306777,52786.53656361474,48527.77199762188,48140.0677764566,46995.39506539834,44658.00386444708,45171.1807372176,45183.96343638525,46755.27705112961,46641.096313912014,50982.26516052319,54037.86236623068,60940.525862068964,65447.8561236623,74343.32015457787,87642.19173602854,95222.0083234245,102226.8968489893,114067.81004756242,126725.60998810941,113593.79696789535,104951.42211652796,104477.95957193816,105998.20808561236,113889.10463733651,121509.48989298454,130851.41260404281,133254.4509512485,140059.6195005945
0,3,8.378473544120789,0.6162619903683663,-0.45927183147099926,-0.38562358297120214,-0.07364824849979713,20.147290210213388,0.36317462115110194,527.092478894858,1392.676515732924,907.0025326170376,9.232448258777643,True,5,0.2600076170555131,874.551724137931,875.6551724137931,875.3620689655172,874.9827586206897,874.9137931034483,874.4655172413793,874.0344827586207,873.6551724137931,873.3793103448276,873.3448275862069,873.0344827586207,873.0344827586207,872.9655172413793,872.2586206896551,871.9137931034483,871.551724137931,871.4137931034483,871.2413793103449,871.1034482758621,870.3103448275862,870.2586206896551,870.2068965517242,870.0689655172414,869.7931034482758,869.8103448275862,869.7413793103449,869.5172413793103,869.4137931034483,869.0,868.5689655172414,868.4310344827586,867.9827586206897,867.6724137931035,867.6206896551724,867.3275862068965,866.4655172413793,866.2931034482758,866.5172413793103,866.6724137931035,866.5689655172414,866.448275862069,866.0689655172414,865.2068965517242,864.8793103448276,864.8448275862069,865.051724137931,91471.86801426871,108511.36385255649,103836.43787158145,99580.12039239003,104058.35463733651,106248.55915576695,99356.30915576695,93522.74316290132,85611.23543400715,90289.39833531511,90084.82639714626,99721.99881093936,96769.99881093937,98849.12277051128,96058.87187871581,96072.35077288942,94172.82877526754,92493.8727705113,91789.64447086802,95793.83472057074,102055.53656361473,105162.3365041617,105773.34007134363,106271.54340071345,106876.08472057075,108153.05380499407,105417.0083234245,117546.34601664686,123854.13793103448,133427.7624851367,138104.90041617124,151830.396254459,167762.42717003563,172949.89060642093,174100.32372175984,188600.55915576694,194411.82788347205,190830.42211652795,192167.53061831152,200379.8659334126,214230.9714625446,236248.65041617124,253856.71581450652,273227.83026159334,281712.95868014265,309633.60077288945
0,3,8.413221859931946,0.7140456929802894,-0.3906893889440124,-0.3285064026754363,-0.06218298626857612,16.707329848368236,0.3056057557878252,506.1929460580913,1327.7098201936376,801.0838174273858,7.269551360246987,False,5,0.2597476094384576,874.551724137931,876.3448275862069,876.9827586206897,877.551724137931,878.7068965517242,880.3448275862069,881.2758620689655,882.1724137931035,882.9310344827586,883.3103448275862,883.6379310344828,884.1896551724138,885.0172413793103,885.6551724137931,886.051724137931,886.6896551724138,886.9310344827586,887.6724137931035,887.9827586206897,888.551724137931,889.4827586206897,890.1724137931035,890.7758620689655,891.4310344827586,891.948275862069,892.4827586206897,893.448275862069,894.4655172413793,895.1206896551724,895.9655172413793,896.3103448275862,897.0862068965517,898.1034482758621,898.7758620689655,899.4310344827586,900.2241379310345,901.1034482758621,901.448275862069,901.9827586206897,902.6551724137931,903.2586206896551,904.7413793103449,905.0172413793103,905.7931034482758,906.2068965517242,907.6724137931035,91471.86801426871,101862.3983353151,96496.05142687277,96057.17835909632,96694.82788347205,99611.60523186682,95573.30321046372,93603.24613555291,92539.40903686089,93711.83472057073,92091.09304399525,99274.73989298454,100105.18935790726,102005.84661117714,98107.35939357909,101296.4209274673,99051.65041617122,98127.22027348395,98023.84453032105,93744.00594530322,95438.8359096314,92719.5564803805,91131.89803804994,91644.27972651605,92417.08353151011,89701.21521997623,94509.69560047564,102129.04191438765,105436.07164090365,111717.2401902497,112523.04161712248,119522.11325802612,130904.43757431628,131936.7945897741,136853.76248513674,146500.6911414982,153174.88585017837,155875.52318668252,161869.6031510107,170032.63971462546,182461.70897740786,204461.0882877527,222315.32728894174,238900.4744351962,246249.02615933408,270372.04785969085
0,22,8.661185669898988,0.7418534472584725,-0.5417102070476187,-0.46269648737406244,-0.07901371967355622,21.613639520243346,0.38861173524871967,542.7030378882695,1415.195016497895,905.0463078848561,9.935516605936948,False,5,0.2594878618290191,874.551724137931,875.7758620689655,876.0344827586207,876.0344827586207,876.1034482758621,876.7586206896551,876.7758620689655,876.8103448275862,876.8275862068965,876.9827586206897,876.7758620689655,876.8965517241379,877.051724137931,877.0172413793103,877.2931034482758,877.6206896551724,877.6379310344828,877.6724137931035,877.6724137931035,877.4827586206897,877.5862068965517,878.1724137931035,878.0344827586207,878.8103448275862,879.2413793103449,879.551724137931,880.0,880.3793103448276,880.3965517241379,880.6551724137931,881.1206896551724,881.5172413793103,881.5172413793103,881.5172413793103,881.6206896551724,881.8448275862069,882.3103448275862,882.6206896551724,882.6034482758621,883.1724137931035,883.1551724137931,883.6379310344828,883.5862068965517,884.1896551724138,884.2586206896551,884.448275862069,91471.86801426871,107245.38079667064,105329.51605231868,102845.03329369798,110001.64447086802,122689.94173602854,121379.48424494649,125235.22265160523,128019.65992865636,138008.84453032102,145224.79458977407,168920.54102259217,171269.84215219977,180339.29280618316,175128.1727110583,181894.2009512485,178393.26545778837,180344.668549346,179846.11682520807,169001.73246135554,170360.31153388828,161184.62544589772,157573.79191438764,154825.7054102259,154346.07966706302,152484.55766944113,152323.41379310345,166034.06302021406,171179.58412604043,186581.8810939358,191810.3475029726,209654.76694411418,228349.2152199762,235892.73246135554,242409.30439952438,259786.30350772888,275291.8347205708,282129.2354340071,291664.79102259205,313960.83234244946,337123.44143876346,372875.92063020216,402615.13912009523,445131.53299643274,458541.1917360285,502585.4542211653
0,1,8.727883434295654,0.7277617365121841,-0.32389492590999674,-0.23926466466472676,-0.08463026124526997,23.25509239648382,0.41685152374648066,491.10610795454545,1456.7607954545454,859.6822443181818,6.477082115452709,False,5,0.2592283739671901,874.551724137931,874.8103448275862,874.4310344827586,874.2241379310345,873.5689655172414,872.8103448275862,872.448275862069,872.1034482758621,871.8103448275862,871.3965517241379,871.1724137931035,870.7931034482758,870.3793103448276,869.6896551724138,869.5344827586207,869.3620689655172,869.1034482758621,868.8793103448276,868.948275862069,868.4655172413793,867.8448275862069,867.5344827586207,867.0689655172414,866.9137931034483,866.4655172413793,866.1206896551724,865.7758620689655,865.7586206896551,865.3275862068965,864.6896551724138,864.3620689655172,863.7413793103449,863.2068965517242,862.7413793103449,862.1206896551724,861.6551724137931,861.4655172413793,861.6724137931035,862.1034482758621,861.6034482758621,861.2758620689655,860.448275862069,859.5689655172414,858.6034482758621,858.7241379310345,858.4310344827586,91471.86801426871,98933.60196195004,91483.21076099882,88215.3118311534,90358.17627824018,98427.36058263971,96300.4887039239,95987.2651605232,94150.01575505351,97832.48067776456,98065.34958382878,108153.33650416169,103873.6837098692,103886.00713436384,95352.86950059452,92022.98959571937,86922.02378121283,84726.2785374554,80013.911117717,67402.24881093936,60656.88971462545,53063.972948870396,48064.34007134364,45858.94084423305,43586.42122473246,42665.106123662306,41968.070451843036,45261.0451843044,46374.806480380495,52016.86920332938,55667.64476813316,65037.984839476805,76011.30202140308,79083.64001189062,83889.93370986919,90818.77764565994,96816.1108799049,101089.66854934601,105063.74791914389,114568.10136741975,125005.26872770509,149024.45422116524,162887.6590368609,177017.0324019025,186526.88941736033,214627.76248513677
0,1,8.623015141487121,0.7131499990820884,-0.373411826669523,-0.2892768541267285,-0.08413497254279456,23.189465732794872,0.41473861904578335,522.3817974105103,1450.0121096725056,940.0124143183549,9.430375222194709,False,5,0.2589691455932229,874.551724137931,877.1896551724138,877.948275862069,878.6551724137931,880.2241379310345,882.3275862068965,883.4827586206897,884.5,885.2068965517242,885.448275862069,886.2758620689655,886.948275862069,887.7241379310345,888.2758620689655,888.7413793103449,889.4310344827586,889.8793103448276,890.4137931034483,890.8965517241379,891.1551724137931,892.6379310344828,893.2758620689655,893.7068965517242,894.5172413793103,895.1379310344828,895.7413793103449,896.3793103448276,897.7241379310345,898.4137931034483,899.5344827586207,899.8448275862069,900.8620689655172,901.7931034482758,902.8275862068965,903.6379310344828,904.2413793103449,905.0344827586207,905.6724137931035,906.5172413793103,907.3793103448276,908.2931034482758,910.0,910.2241379310345,910.7931034482758,911.5172413793103,913.051724137931,91471.86801426871,109469.63644470867,99404.66973840665,93681.01902497029,102438.03596908443,109871.1513079667,108366.0083234245,106856.49137931035,100282.16409036862,102972.14387633771,99962.33769322235,111754.94560047562,107708.30321046374,106673.88941736027,101940.6744946492,103730.93489892983,98797.0716409037,100015.41498216409,100773.60998810938,88845.78626634958,87071.61028537455,82165.33769322235,77857.37960760997,74895.21521997622,71930.25683709868,71936.01932223543,72367.1664684899,80595.85493460167,83214.10463733651,91854.04191438764,95990.23454221165,106197.84304399525,122247.23305588585,126831.10820451843,132058.16200951248,148947.73483947685,160741.41260404282,165987.32372175978,174162.9738406659,187647.09750297267,206965.93133174794,232296.62068965516,254607.38079667065,284438.5778834721,297127.38763376937,331333.08353151014
0,2,8.484795832633973,0.6187616497278213,-0.3693930028981664,-0.2731044753662427,-0.09628852753192374,26.670632008993394,0.4730761170389037,487.9320373004584,1482.7453769559033,872.3703176861071,5.4237343104061635,True,5,0.2584514662711821,874.551724137931,875.2758620689655,875.1379310344828,874.9827586206897,874.7413793103449,874.3103448275862,874.3793103448276,874.8448275862069,874.8103448275862,874.3620689655172,874.2068965517242,874.1206896551724,874.0,873.8275862068965,874.4310344827586,874.1379310344828,874.4310344827586,874.5,874.8275862068965,874.8620689655172,875.0862068965517,875.3448275862069,875.3965517241379,875.2241379310345,875.4655172413793,875.8965517241379,876.2241379310345,876.2758620689655,875.9827586206897,876.448275862069,876.7241379310345,877.1551724137931,876.9827586206897,877.3275862068965,877.7586206896551,878.1724137931035,878.3448275862069,878.5,878.3965517241379,878.8793103448276,879.3793103448276,879.9827586206897,879.6724137931035,879.948275862069,879.7586206896551,879.4655172413793,91471.86801426871,99337.26872770513,90654.73959571937,84038.7755648038,82208.05380499407,88663.07609988109,87749.5457788347,82567.99316290129,74288.77437574317,72732.71373365042,67714.8192627824,68058.2440546968,67522.96551724138,66903.0737217598,61436.83145065399,63405.67063020214,62820.865933412606,63562.525862068964,61677.59096313912,65158.36028537456,72595.42360285374,75186.67419738407,76091.41171224731,79048.4842449465,79347.66260404281,82466.71343638525,81430.03596908443,92453.78596908443,99446.70659928657,107356.04042806184,109359.37217598099,117908.9241973841,133011.98246135554,138779.15130796668,144610.21759809752,153199.2116527943,161559.57074910824,161184.9396551724,164893.2392984542,177561.51991676574,193629.09750297267,222835.98246135545,243371.35820451844,265204.42835909635,276387.7003567182,310871.3522592152
0,2,8.537710237503052,0.5861610993742943,-0.3559312077297545,-0.26446391278678577,-0.09146729494296858,25.238816564377476,0.4492181922712754,551.219535221496,1474.782207697894,981.9793754538853,8.99253415918138,False,5,0.2581930148049109,874.551724137931,875.2241379310345,874.551724137931,873.7758620689655,873.1379310344828,872.3275862068965,872.4310344827586,871.9310344827586,871.8620689655172,871.0862068965517,870.8103448275862,870.3965517241379,870.1896551724138,869.7931034482758,870.0172413793103,869.8103448275862,869.8793103448276,869.8448275862069,870.0172413793103,869.9137931034483,869.7758620689655,870.051724137931,869.6551724137931,869.8103448275862,870.1896551724138,869.948275862069,870.0344827586207,870.051724137931,870.4655172413793,870.4137931034483,870.5689655172414,870.4827586206897,869.3965517241379,869.1551724137931,869.3448275862069,869.2413793103449,869.3793103448276,869.8448275862069,870.3275862068965,870.0862068965517,869.7068965517242,869.2931034482758,869.0172413793103,869.2068965517242,869.7241379310345,869.4827586206897,91471.86801426871,109374.72562425685,96256.24732461355,87830.24286563616,83407.56718192628,78738.87544589773,72385.10731272293,69850.58145065399,64915.01545778834,65562.87187871581,62779.11920332938,71649.30826397147,68555.73989298455,68036.30202140311,62787.154875148626,62429.94678953626,60289.96819262781,58217.78626634958,56816.810047562416,54740.320154577894,56951.173900118905,54034.29042806183,53726.053507728895,54168.29161712247,52835.084720570754,53983.66973840666,53581.102259215215,58782.53180737218,60829.6626040428,68573.75980975029,74092.45214030916,82302.24970273484,98146.41171224731,103370.9931629013,107575.43281807374,121888.07966706302,128123.06302021403,119756.9931629013,116280.4961355529,121271.492568371,130630.20719381687,151072.31064209275,166276.5686682521,184692.64684898933,195303.02734839474,224090.93935790728
0,0,8.482739996910095,0.56839359998703,-0.32893715103455307,-0.2556268557187971,-0.07331029531575592,19.9144301683633,0.3598921295638022,490.1873684210526,1349.1285380116958,813.3444444444444,6.252867697759006,False,5,0.257934821790106,874.551724137931,875.5689655172414,875.6379310344828,875.5172413793103,875.3448275862069,875.8275862068965,876.3275862068965,876.7931034482758,877.0344827586207,876.5862068965517,876.7241379310345,876.948275862069,877.0344827586207,877.0172413793103,877.0862068965517,877.3275862068965,877.3275862068965,877.8448275862069,878.3620689655172,878.6724137931035,879.4137931034483,879.8965517241379,879.5172413793103,879.6206896551724,880.3620689655172,880.448275862069,880.9137931034483,881.0862068965517,881.2413793103449,881.7241379310345,881.5344827586207,881.6034482758621,882.0,882.2241379310345,882.2413793103449,882.6724137931035,882.9137931034483,883.8793103448276,884.5,885.1206896551724,885.6034482758621,886.6206896551724,886.2931034482758,886.6551724137931,886.8103448275862,886.9827586206897,91471.86801426871,103422.03834720571,88628.61028537455,80562.73246135551,77187.2604042806,78107.48751486324,74083.6340665874,69294.88822829963,69721.72294887039,74733.75980975029,74820.13079667064,83614.3938763377,80945.55053507732,82215.91349583831,77345.87187871581,81235.87544589773,77707.73751486327,78605.6483353151,76681.33442330558,72375.25475624255,72622.2770511296,71416.88585017835,70065.24970273484,69440.82164090368,67607.23097502973,69814.73008323424,71427.52705112961,78888.21670630202,81368.73483947682,89872.33769322235,94609.35225921523,104612.96343638527,119212.13793103448,126950.69114149823,134120.87277051128,146276.35820451844,151625.0098097503,147501.7268133175,147012.97413793104,154677.07164090368,163944.37722948872,180743.4768133175,195029.41409036863,211072.01902497027,219540.70541022593,243251.9824613555
0,3,8.630515646934509,0.6069370552897453,-0.4797458887727977,-0.3977240154555949,-0.08202187331720277,22.435740646973606,0.40359157232504045,510.8717817561807,1415.4064791133844,855.5108269394715,5.579053552194321,False,5,0.2576768869683159,874.551724137931,875.0,875.948275862069,876.2241379310345,876.551724137931,877.2068965517242,877.3448275862069,877.5172413793103,877.6379310344828,877.6896551724138,878.0689655172414,878.3620689655172,878.5862068965517,878.6896551724138,878.6724137931035,878.8965517241379,878.9655172413793,879.1379310344828,879.2586206896551,879.2758620689655,879.5,879.7586206896551,879.9137931034483,880.4827586206897,880.4827586206897,880.7758620689655,881.1379310344828,881.3793103448276,881.5862068965517,881.7758620689655,881.7931034482758,882.051724137931,882.3275862068965,882.6379310344828,882.7931034482758,882.8103448275862,882.8275862068965,882.8448275862069,882.9137931034483,883.8620689655172,883.948275862069,884.1896551724138,884.6379310344828,884.7586206896551,884.8103448275862,885.0344827586207,91471.86801426871,105231.72413793103,93528.46284185494,82377.07045184303,80462.52318668252,83698.50891795481,83017.29488703924,83247.76694411415,89869.92063020215,101997.62782401903,110721.0986920333,120211.57580261595,128226.93222354338,139271.55885850175,140699.42717003566,149003.6789536266,151698.7919143876,157784.42925089176,156901.77794292508,133336.19976218787,122947.14655172414,111063.80380499407,104660.21670630202,104096.56004756242,105170.8359096314,108240.0014863258,106887.18787158144,118662.92508917955,121961.10463733648,133569.8635552913,140529.9571938169,154768.0490487515,173108.32372175984,182754.67925089176,194011.7847800238,207472.36058263975,218698.90130796668,215706.44143876337,218763.28567181926,231320.29131985732,246964.29042806185,271859.3605826397,290584.2654577883,310286.32104637334,320587.84334126045,350504.3781212841
0,5,8.598558115959168,0.6813875436782837,-0.3771821110055248,-0.3032417120694725,-0.0739403989360523,20.126984813235147,0.36349843251424496,501.4246023954447,1398.5451600235617,850.9502258001178,7.8931239576789505,False,5,0.2574192100813476,874.551724137931,877.1206896551724,877.9137931034483,878.6206896551724,879.3793103448276,881.3793103448276,882.5172413793103,883.3448275862069,884.0689655172414,884.6379310344828,885.2241379310345,885.9655172413793,886.8793103448276,887.551724137931,887.8620689655172,888.5862068965517,888.9827586206897,889.7758620689655,890.1206896551724,890.5344827586207,891.5,892.4655172413793,893.2758620689655,893.8448275862069,894.4310344827586,895.3965517241379,896.1551724137931,897.5689655172414,898.3448275862069,899.3275862068965,899.6206896551724,900.5862068965517,901.3793103448276,902.1724137931035,903.3275862068965,904.0344827586207,904.6896551724138,905.0689655172414,905.6724137931035,906.7413793103449,907.3965517241379,908.7068965517242,908.8448275862069,909.4310344827586,909.7931034482758,910.9827586206897,91471.86801426871,105498.0716409037,89947.8718787158,75969.75267538644,71508.92508917954,69933.75267538645,61122.04280618312,57716.91557669441,63404.443519619505,74020.40338882283,81275.41527942925,100392.82639714626,111281.93370986919,122808.14387633771,125865.04994054697,136804.75980975028,138259.5686682521,147011.82907253274,150568.03715814505,118590.83501783591,100052.04310344828,83638.3177764566,74041.61355529132,70615.54488703924,69900.5211058264,68836.13585017835,67986.88971462545,73970.65903686089,75972.32936979785,87291.77199762188,90933.37336504163,103207.03567181928,120387.78715814507,126884.21165279429,133682.56510107015,148314.6539833532,155618.52437574315,145450.7883472057,142888.87544589775,147204.19173602853,157787.13585017837,178341.2071938169,200963.51040428062,217660.6590368609,228547.4399524376,258043.8790130796
0,1,8.675387048721314,0.6434944286942482,-0.3450549554992555,-0.25527042405660816,-0.08978453144264735,24.719986440120387,0.44114927123253916,488.02720239580736,1378.2380833541304,852.0175942101323,5.911970417357276,True,5,0.256904629080395,874.551724137931,874.7931034482758,875.1206896551724,875.1724137931035,875.6034482758621,876.0344827586207,876.3448275862069,876.2586206896551,876.3965517241379,876.551724137931,876.4137931034483,876.3448275862069,877.051724137931,877.1551724137931,877.8275862068965,877.6034482758621,877.9655172413793,877.8275862068965,878.1896551724138,877.8793103448276,877.8793103448276,878.2931034482758,878.3275862068965,878.5689655172414,878.8275862068965,878.948275862069,879.3965517241379,878.948275862069,879.4137931034483,879.5689655172414,879.6551724137931,879.551724137931,879.2241379310345,879.7241379310345,879.7241379310345,879.9310344827586,879.6034482758621,879.5,879.5172413793103,879.7586206896551,879.8448275862069,880.3793103448276,880.5,880.6379310344828,880.8793103448276,880.6034482758621,91471.86801426871,98710.61236623068,78203.86474435196,65560.17717003566,56617.61860879905,52530.41260404281,46957.43281807372,44632.32966706302,41229.239298454224,42256.31629013079,39873.10463733651,42614.26040428062,42724.53180737218,45449.99316290131,44335.52199762188,46915.894470868014,45684.75743162902,47560.039239001184,47632.6709274673,51016.07164090369,57592.657847800234,60040.75891795482,62339.56510107016,65477.210760998816,67126.69441141498,69150.70422116527,72650.30826397146,83472.84215219977,88200.07015457787,97566.3486920333,100431.3983353151,111471.62663495836,127013.55321046374,134659.61355529132,141538.372175981,152172.7538644471,161425.79102259217,162673.25,165845.18073721763,176396.39001189062,192805.85523186682,214277.82164090368,234638.18103448275,254712.74821640903,262291.864744352,287687.170332937
0,5,8.640418243408202,0.5901245012879371,-0.3969752254251767,-0.29939260744397,-0.09758261798120661,26.850113857171223,0.4793269044425328,540.5029192225261,1468.6090458946123,974.0804818564777,9.923105561293967,False,5,0.2566477244513146,874.551724137931,876.0,876.6551724137931,877.448275862069,877.9137931034483,878.6724137931035,879.7931034482758,880.1034482758621,880.0862068965517,880.0689655172414,880.5344827586207,880.4827586206897,881.1551724137931,881.3965517241379,881.5689655172414,881.6724137931035,881.6896551724138,882.0689655172414,882.2931034482758,882.5172413793103,882.6724137931035,882.9655172413793,883.0,883.3103448275862,883.4655172413793,883.4655172413793,883.5689655172414,883.6034482758621,883.6724137931035,884.2586206896551,884.7758620689655,885.3793103448276,885.3103448275862,885.448275862069,885.5344827586207,884.6379310344828,884.8103448275862,885.2413793103449,885.4827586206897,885.6206896551724,885.3793103448276,885.9655172413793,885.448275862069,885.7586206896551,885.8448275862069,886.4310344827586,91471.86801426871,111486.8275862069,92992.81212841853,81532.41973840664,74493.76843043994,72927.77199762188,65280.78478002377,56612.161712247325,55537.07877526754,59320.581450653975,59694.1453626635,72954.90487514866,75509.40695600475,78496.92895362664,76446.59007134366,80166.668549346,81319.5933412604,83019.99524375741,85764.7244351962,85009.28418549347,89225.70303210463,88443.24019024972,88575.3448275862,89120.903686088,87807.28329369798,90432.4901902497,89855.31420927467,100662.99791914389,104911.53061831153,115353.29518430441,120696.27734839478,133407.61474435197,153795.28299643283,157836.38525564806,164597.00743162906,188159.67925089176,199941.5674791914,193162.4934601665,195259.7324613555,203228.5802615933,218709.78715814505,242221.48156956007,267657.04042806185,285509.2520808561,296772.4069560047,327907.10731272295
0,28,9.062129545211793,0.6130181342363358,-0.6733520646053657,-0.5680005479528217,-0.10535151665254402,29.114539685150866,0.5169228829887673,658.3738037423225,1491.3150978431652,1119.0294957863161,12.039723953608966,False,5,0.2563910767268633,874.551724137931,877.6379310344828,879.2758620689655,880.448275862069,881.7241379310345,884.3620689655172,885.7931034482758,887.0689655172414,887.7413793103449,888.4137931034483,889.1724137931035,889.8793103448276,890.7931034482758,891.551724137931,892.2241379310345,893.1034482758621,893.5172413793103,894.2413793103449,894.7758620689655,895.4310344827586,896.5344827586207,897.2241379310345,897.6551724137931,898.2758620689655,899.1896551724138,899.8275862068965,900.5344827586207,901.9137931034483,902.7758620689655,904.2413793103449,904.6724137931035,905.7758620689655,906.7586206896551,907.6206896551724,908.5862068965517,909.4310344827586,910.1551724137931,910.8793103448276,911.3793103448276,912.2586206896551,913.1206896551724,914.6724137931035,914.7413793103449,915.2931034482758,915.7068965517242,917.1379310344828,91471.86801426871,115109.09304399524,101240.95838287752,89252.35077288943,85875.68252080855,87465.92063020216,82568.09512485136,77155.37455410227,78542.91587395956,83995.1046373365,88142.97027348392,99950.5543995244,105190.50891795481,114909.45422116529,115923.41527942923,123294.57550535076,123965.76694411413,127130.01070154579,128244.41527942926,128362.79696789537,134542.1453626635,137369.07045184306,138934.5362663496,143604.95838287752,145676.39506539833,147967.34958382876,149299.11087990488,166269.52705112958,177153.86355529132,193181.28656361473,198621.56510107015,215925.2428656361,241309.73483947682,251488.09750297264,260728.13912009515,283246.3486920333,297298.9586801427,285891.2785374554,284715.30439952435,286656.74346016644,301845.9681926278,321633.94441141497,331850.98483947676,350982.55202140304,353040.4485731273,380879.80856123666
0,1,9.1021577835083,0.5811489954590797,-0.4124216135263077,-0.3231347288740213,-0.08928688465228639,24.502844066721597,0.43820699363903015,489.3718801996672,1423.2262895174708,859.7678868552413,7.644495965866608,False,5,0.2561346856501364,874.551724137931,875.6896551724138,876.8103448275862,877.9310344827586,879.1379310344828,880.1551724137931,880.8793103448276,881.7413793103449,882.2758620689655,882.2931034482758,882.5689655172414,882.5862068965517,882.7068965517242,882.7241379310345,882.8103448275862,882.948275862069,883.0689655172414,883.5,883.6206896551724,884.0344827586207,884.2586206896551,884.2931034482758,884.5172413793103,884.4827586206897,884.6379310344828,884.8965517241379,885.0344827586207,885.3448275862069,885.8275862068965,885.8448275862069,885.8275862068965,886.0862068965517,886.2241379310345,886.3965517241379,886.6206896551724,886.7068965517242,886.7758620689655,886.8275862068965,886.8620689655172,887.5862068965517,887.6206896551724,888.1896551724138,887.7413793103449,887.8620689655172,887.9655172413793,888.2241379310345,91471.86801426871,104068.0416171225,85231.73989298454,72209.96076099882,63303.84304399524,59195.37247324613,53942.14060642094,49341.19173602854,51262.02734839477,57488.34512485136,61722.79696789537,68732.89774078479,74397.20719381687,80999.9239001189,83259.36058263973,88313.7387039239,89813.40903686089,94095.38793103448,94792.99405469681,91635.03329369797,93907.12277051128,91700.55202140307,92338.00832342448,95883.31866825208,99209.09304399524,101220.88585017837,101561.61950059453,110726.88109393578,114639.10820451842,121310.95868014268,126019.7288941736,135422.28567181926,151868.41527942923,153627.20481569562,157219.5802615933,171480.48305588585,179623.34631391198,165452.55648038047,160827.49821640903,162473.8632580262,170597.26991676574,184187.46403091555,194109.0882877527,206420.29131985732,210059.17122473248,227733.5876932224
0,3,8.99644365310669,0.6207650467753411,-0.3589713451312296,-0.26818955425670654,-0.09078179087452311,24.975758279216237,0.44580601112927815,494.1515267663217,1408.4562412163025,864.0129040500831,5.8922695342250035,False,5,0.2558785509644863,874.551724137931,875.5344827586207,876.2586206896551,876.8275862068965,877.1551724137931,877.6206896551724,878.3620689655172,878.7068965517242,879.2413793103449,878.8965517241379,878.8275862068965,878.9137931034483,879.051724137931,878.948275862069,879.1551724137931,879.7413793103449,879.7586206896551,879.7413793103449,879.9310344827586,879.7586206896551,879.7931034482758,879.8275862068965,880.0,880.0,879.8793103448276,880.1896551724138,880.2241379310345,880.3965517241379,880.3275862068965,880.8965517241379,881.3275862068965,881.2758620689655,881.551724137931,881.6551724137931,882.0172413793103,882.3275862068965,882.3275862068965,883.7241379310345,884.9655172413793,886.0344827586207,887.4137931034483,889.4655172413793,890.2068965517242,890.8448275862069,891.551724137931,892.1551724137931,91471.86801426871,96896.007431629,79654.57104637337,65369.97027348395,57697.75178359097,52360.442330558864,50629.74821640905,50344.48305588585,53461.32104637337,59190.885850178354,64779.76337693223,74078.45808561236,80661.77318668253,91924.32491082046,94646.09661117717,103901.43311533889,107510.25208085614,114329.91587395956,115781.27110582641,112426.11414982163,115021.19857312723,114566.31510107015,114928.62068965517,117567.93103448275,119514.00267538644,119902.98127229486,123299.79458977407,137363.17033293698,144125.9788941736,146191.95481569562,140754.53061831152,146785.19976218784,159020.07491082043,159144.46730083236,163755.70659928655,174703.1857907253,183427.46165279427,171172.0273483948,164683.9643281807,171294.03329369798,178995.48394768132,195891.49019024966,206375.61236623063,222919.47592152198,230101.90249702733,248929.68281807372
0,113,9.091608333587647,0.6931584030389786,-0.5573734657039673,-0.4946635215564753,-0.06270994414749205,16.922296554030865,0.30845516092676445,515.5856745909231,1365.746835443038,837.3416692394773,9.940595275307311,True,5,0.2553670497411083,874.551724137931,875.0689655172414,874.7931034482758,874.4655172413793,874.0,873.6034482758621,873.3103448275862,873.0862068965517,873.6034482758621,873.1896551724138,873.1724137931035,873.1724137931035,872.9310344827586,872.7758620689655,872.6206896551724,872.1724137931035,872.2931034482758,872.1896551724138,872.1034482758621,871.7413793103449,871.6896551724138,871.4655172413793,871.2068965517242,870.9827586206897,870.8275862068965,870.9310344827586,870.7931034482758,870.448275862069,870.2586206896551,870.1379310344828,870.0,870.0689655172414,869.6724137931035,869.6034482758621,870.0172413793103,869.6896551724138,870.4137931034483,870.5689655172414,870.6379310344828,871.2241379310345,871.6724137931035,872.4137931034483,872.2586206896551,872.2413793103449,872.4137931034483,872.8620689655172,91471.86801426871,107120.47800237812,102314.3365041617,99233.59363852556,105743.72413793103,111211.03240190248,105730.31747919145,96532.80291319858,91209.54964328182,92971.15368608802,90133.14268727705,99225.34958382878,99730.85731272295,104019.38079667062,96806.47681331747,100071.83234244946,97111.4140903686,98899.60196195006,96040.74791914386,100300.50208085611,108667.17954815696,112587.38674197381,117040.30202140311,120516.05142687276,124119.7288941736,126617.20214030916,128648.3365041617,145000.8335315101,152122.05380499404,165058.3258026159,172426.7931034483,186538.9952437574,214348.8409631391,220790.92895362663,225868.70659928655,249680.24851367416,258947.3115338882,258556.86593341263,261490.0930439952,271257.5187277051,292108.5306183115,320663.5529131985,341267.2262187872,367224.8727705113,385300.4494649227,423419.8775267539
0,5,9.293214559555054,0.6762985855340957,-0.457008903373557,-0.3889006656173097,-0.06810823775624733,18.485631334813494,0.3356755252004998,522.6094710947109,1335.1884378843788,823.2964329643296,7.487123808752801,False,5,0.2551116826913672,874.551724137931,876.1379310344828,876.8448275862069,876.9655172413793,877.6206896551724,878.8275862068965,879.448275862069,880.0689655172414,880.5,880.9827586206897,881.3103448275862,882.1724137931035,882.6724137931035,883.3793103448276,883.5862068965517,884.1206896551724,884.3620689655172,884.7586206896551,885.0,885.3275862068965,885.9310344827586,886.2413793103449,886.7241379310345,887.1379310344828,887.5,887.7586206896551,888.1379310344828,888.9310344827586,889.2586206896551,889.9655172413793,890.2413793103449,890.9310344827586,891.6551724137931,892.3103448275862,892.8275862068965,893.4827586206897,893.9310344827586,894.1896551724138,894.4655172413793,895.1724137931035,895.5172413793103,896.3793103448276,896.4310344827586,896.8965517241379,897.551724137931,898.2931034482758,91471.86801426871,106370.22235434008,97401.26902497029,93634.0677764566,95259.26991676576,95137.14268727704,87949.14387633771,83022.02972651608,75478.80172413793,74573.94797859689,70326.21403091558,75368.79785969084,76993.59958382878,79734.8561236623,78082.17360285374,81859.27853745542,79931.50683709868,80080.80380499405,82374.93103448275,90124.94441141498,101790.71938168847,108667.2175980975,115312.44114149823,123643.36028537458,132741.4568965517,139369.83828775267,145927.9464922711,163618.61593341263,176091.29518430438,184200.58501783593,187713.45897740786,206864.5124851367,230415.36385255647,237874.9381688466,246499.00475624256,267255.7669441142,279814.2366230678,270636.4295481569,274442.283293698,288074.00475624256,306616.62901307974,339708.06302021403,360351.1417954815,390811.78240190254,403294.55766944104,437535.655469679
0,3,9.24173288345337,0.6785910621285438,-0.3898834695824267,-0.2892407877689033,-0.1006426818135233,27.826078970666945,0.49468908985001553,478.0957816377171,1488.9750620347395,881.1897022332506,5.385570185766523,False,5,0.2548565710086758,874.551724137931,874.8620689655172,875.0689655172414,874.5689655172414,874.4827586206897,874.3275862068965,874.3275862068965,875.0689655172414,875.4310344827586,874.8965517241379,875.1896551724138,875.3275862068965,875.1724137931035,874.9655172413793,875.051724137931,874.8275862068965,874.6896551724138,874.5,874.5,874.2068965517242,874.0,873.8620689655172,873.6551724137931,873.4310344827586,873.5862068965517,873.4655172413793,873.6034482758621,873.448275862069,873.2413793103449,872.9655172413793,872.8103448275862,872.5,872.2586206896551,872.1206896551724,871.8793103448276,871.5,871.2413793103449,871.4310344827586,871.2931034482758,871.051724137931,871.5172413793103,871.1551724137931,870.8620689655172,870.1724137931035,870.0862068965517,869.8275862068965,91471.86801426871,100087.9120095125,79709.65041617122,66710.8659334126,58694.11177170035,55288.90992865636,49706.84096313912,44331.40903686088,35837.41765755053,31350.644470868014,28923.60196195006,29066.013376932227,27611.901307966706,27563.791914387635,26161.876634958382,29124.970273483945,25744.869203329366,26543.870689655174,25854.456896551725,29269.75029726516,35271.48275862069,39465.015457788344,43573.01902497029,50594.48662306777,55854.932223543394,62267.90398335315,69604.92895362663,84649.48870392391,97758.32104637336,106131.10225921523,108323.46403091558,121191.00862068965,138807.5710463734,142914.38198573125,144287.24405469678,156616.31896551725,166386.52794292508,140420.24524375744,129661.51753864449,131977.22146254458,141491.146254459,162355.09661117717,178386.56718192625,197232.31510107013,206605.94084423306,236155.45303210462
0,3,9.088326740264893,0.6703818380832672,-0.4360142740414338,-0.31782258855409734,-0.11819168548733655,32.82172516012995,0.5800159790673185,505.3284698840254,1491.3975869809203,974.2174523007857,8.135114539783652,False,5,0.25460171443766716,874.551724137931,874.9827586206897,875.1379310344828,875.8965517241379,875.2586206896551,874.7413793103449,875.0689655172414,875.0862068965517,874.8275862068965,873.5862068965517,873.3965517241379,873.051724137931,872.7931034482758,872.3448275862069,871.948275862069,871.1034482758621,870.8103448275862,870.5172413793103,870.3965517241379,869.7068965517242,868.6724137931035,868.1724137931035,867.7068965517242,867.4310344827586,867.4655172413793,866.8965517241379,866.2931034482758,865.0344827586207,864.1724137931035,863.3793103448276,863.1724137931035,862.2413793103449,861.9310344827586,862.5172413793103,862.8275862068965,862.7068965517242,863.1724137931035,864.1379310344828,864.3793103448276,864.8275862068965,865.5344827586207,866.3793103448276,866.7413793103449,866.2931034482758,866.1551724137931,866.2758620689655,91471.86801426871,105890.87901307967,85971.63614744351,72722.98929845421,62972.39863258027,57848.12277051129,50558.89179548157,44912.38912009512,37554.28061831153,35543.208085612365,34849.239298454224,36426.94560047563,38417.19857312723,40206.15695600475,40421.94560047563,42646.57550535078,42643.498513674196,43411.904875148626,44025.58412604042,48916.96581450654,56221.634066587394,60966.21165279429,66321.7244351962,71056.17627824018,75350.21432818074,80366.05826397147,84687.31064209275,97767.86087990488,106014.76337693223,114147.64922711058,120039.76337693223,132669.76932223543,148587.89179548156,151023.52556480377,152414.79785969082,165685.89684898927,171987.34958382876,141584.63614744353,123876.37336504161,119600.48751486326,122298.45570749107,129767.33888228297,132935.01932223543,140398.31064209275,142675.82074910824,155145.26872770512
0,33,9.056522464752197,0.5624439209699631,-0.47123552130866453,-0.32215895933354866,-0.14907656197511582,41.57700928830404,0.731235067832458,484.96436881908085,1627.843804537522,1018.858784176847,4.958292314062769,False,5,0.2543471127232295,874.551724137931,875.1206896551724,877.4827586206897,879.6724137931035,881.6724137931035,884.4137931034483,887.2068965517242,889.0,889.5344827586207,890.2586206896551,890.3965517241379,890.9310344827586,891.948275862069,892.3965517241379,893.051724137931,894.2413793103449,894.4655172413793,895.051724137931,895.2586206896551,895.4655172413793,895.9827586206897,896.2241379310345,896.4137931034483,896.7586206896551,897.2068965517242,897.5172413793103,897.9655172413793,898.3793103448276,898.8275862068965,899.6551724137931,900.2241379310345,900.1551724137931,901.1551724137931,902.1034482758621,902.8103448275862,903.448275862069,904.3620689655172,905.6551724137931,906.7413793103449,908.3275862068965,909.7758620689655,911.4655172413793,912.3103448275862,912.9827586206897,914.1724137931035,914.448275862069,91471.86801426871,97687.72681331748,85460.07728894174,76219.39268727705,67768.46165279429,67353.41498216409,66503.54340071343,66881.89655172414,57136.766052318664,53623.846908442334,51076.68757431629,51630.65041617123,51377.94560047563,54253.239298454224,52033.393876337694,53787.8727705113,52559.76605231867,52633.42835909632,52304.32966706303,57355.93846611179,63968.672116527945,68353.69114149822,72049.75980975029,77117.80380499405,80434.75029726517,84647.04280618312,88111.2401902497,101387.1664684899,106281.59096313911,116089.67419738407,117362.41527942925,127982.71730083236,141465.92419738407,143169.71343638524,144398.80885850178,151398.73008323426,153754.43787158147,129688.19143876337,118365.53656361475,115687.01337693223,117908.10493460168,129389.80053507729,135052.5933412604,143656.6376337693,148538.72889417358,167024.661117717
0,278,9.610823249816894,0.6926586106419563,-0.6977232348170375,-0.6310277913881519,-0.06669544342888556,18.14234121410877,0.3286465873070717,538.1695167286246,1421.524312267658,836.3033457249071,7.8768409007453375,True,5,0.2538386728448958,874.551724137931,874.7931034482758,874.6724137931035,874.3103448275862,873.7068965517242,873.0344827586207,872.5862068965517,872.1034482758621,872.5344827586207,872.3620689655172,871.9827586206897,871.7758620689655,871.4655172413793,871.5344827586207,871.4655172413793,871.3448275862069,871.7241379310345,871.948275862069,871.6896551724138,871.8793103448276,871.7241379310345,871.4655172413793,871.2413793103449,871.5,871.6379310344828,872.0,872.7068965517242,873.3793103448276,873.8965517241379,874.6206896551724,875.0689655172414,875.7413793103449,876.6206896551724,877.2241379310345,877.9655172413793,878.3275862068965,878.7931034482758,879.1034482758621,879.7586206896551,880.3275862068965,880.5172413793103,881.3793103448276,881.2586206896551,881.6896551724138,881.8275862068965,882.6034482758621,91471.86801426871,104335.50891795481,99998.73751486326,99390.24851367419,105919.62098692033,117539.96432818071,116560.9322235434,116891.4720570749,111459.21432818074,113389.92063020213,109365.98246135552,118093.65665873961,118797.38674197384,122172.59363852555,120954.97294887042,127188.39833531511,124990.57907253271,129279.49732461356,130239.28299643283,138321.83026159336,150328.26872770512,154760.59363852558,162449.42449464925,167898.2155172414,172755.29994054697,177765.7931034483,184125.2416765755,207885.5457788347,218840.40309155767,234407.5457788347,237340.30558858506,261182.81242568366,295079.9940546968,301622.4497621879,314087.79191438766,335835.59958382876,350593.43995243753,343736.1617122473,349917.80380499404,365527.42717003566,388268.9393579073,419061.338882283,451868.6744946492,477747.42092746723,494310.0737217598,532767.1358501783
0,14,9.603523921966552,0.7144045129418373,-0.46164162592605723,-0.39158736009179607,-0.07005426583426114,19.08845443001302,0.3451577551616545,613.0834334157541,1387.3629106322853,999.3157188272695,10.278505506502716,False,5,0.2535848341720509,874.551724137931,877.0172413793103,877.5172413793103,877.6206896551724,878.2241379310345,879.1206896551724,879.6379310344828,880.1379310344828,880.5,880.8448275862069,881.1379310344828,881.5,882.051724137931,882.2931034482758,882.3793103448276,883.1206896551724,883.5172413793103,883.7758620689655,884.0172413793103,884.051724137931,884.6034482758621,884.9137931034483,885.2068965517242,885.5172413793103,885.8103448275862,886.1206896551724,886.4137931034483,887.0344827586207,887.3275862068965,888.3448275862069,888.4137931034483,888.8793103448276,889.448275862069,889.8620689655172,890.3620689655172,890.2758620689655,890.6206896551724,890.7758620689655,891.3448275862069,891.6379310344828,892.2068965517242,892.8793103448276,892.5862068965517,892.8620689655172,893.1551724137931,893.7413793103449,91471.86801426871,112043.08590963138,99277.2152199762,92269.44233055887,94701.38079667062,98462.31302021402,94850.40338882286,90340.67063020212,84851.69827586207,86515.26902497027,86418.08442330558,103186.97413793103,100709.25594530322,107904.96581450653,105501.13198573128,113538.62336504163,113286.24970273486,114416.65665873958,116797.84453032105,118930.98008323424,125360.34274673008,126668.94084423305,126380.8192627824,131501.73246135554,135070.6019619501,139654.3819857313,140040.48394768132,155258.7919143876,164014.8409631391,182146.88109393578,192991.1736028537,213570.89922711058,243960.936979786,253682.8430439952,265557.3344233056,295075.33769322233,308183.47681331745,306937.00148632575,314026.0535077289,327004.024078478,353055.577883472,384470.5888822831,395535.82877526764,422364.0844233055,433178.1310939357,472605.7434601665
0,4,9.56672191619873,0.667863841354847,-0.41303298974046204,-0.2731655556681073,-0.1398674340723548,39.049730886990915,0.6864155017872492,495.24572014351617,1633.7844182470528,1014.90261404408,7.853043788131179,False,5,0.25333124933787887,874.551724137931,875.8448275862069,876.1724137931035,876.6551724137931,876.5172413793103,877.1551724137931,878.6724137931035,879.7931034482758,879.9655172413793,879.8793103448276,880.1206896551724,880.5172413793103,880.9137931034483,880.9137931034483,881.6724137931035,881.9655172413793,882.2241379310345,882.6896551724138,883.2758620689655,883.2413793103449,883.5172413793103,884.0689655172414,883.8448275862069,884.0689655172414,884.6034482758621,884.8275862068965,885.6551724137931,886.051724137931,886.448275862069,886.6379310344828,886.5689655172414,886.9827586206897,886.8275862068965,887.9655172413793,887.8620689655172,887.6379310344828,887.5344827586207,888.1034482758621,888.1379310344828,888.8448275862069,889.9827586206897,890.8103448275862,890.8275862068965,891.4827586206897,892.2758620689655,893.3965517241379,91471.86801426871,110638.54488703924,98800.69441141498,86898.19143876337,79807.66349583828,80277.82074910821,75677.08234244946,69566.06064209275,62106.41260404281,59609.34750297265,55786.03715814506,59862.76694411416,60321.49256837098,62145.113258026155,60332.70303210463,63375.99881093935,62063.3118311534,63319.80023781212,64264.19976218787,64286.424494649225,67769.59453032105,66825.54696789537,68473.26902497027,70298.89179548158,72533.89447086802,75686.5564803805,77395.63971462546,85643.53180737217,90949.66111771701,102470.95511296076,110245.00386444708,125133.05142687277,146339.97027348398,156954.6539833531,167029.84304399526,184619.6102853745,198604.66260404288,186283.8513674197,183244.1533888228,192170.51040428062,205644.18935790722,229626.42954815697,251228.62544589775,275953.14625445893,289171.19976218784,318433.6875743164
0,7,9.474160146713256,0.616802129149437,-0.560156588062591,-0.3761589187469779,-0.18399766931561323,51.60209365610235,0.9021936113774238,478.0728457210542,1740.1083802191295,1144.2268285460468,4.142616183774479,False,5,0.253077918088541,874.551724137931,876.1206896551724,879.4310344827586,881.5862068965517,884.3275862068965,886.9310344827586,889.3965517241379,891.6551724137931,892.6379310344828,893.7413793103449,894.8275862068965,895.3275862068965,896.7413793103449,897.3103448275862,898.0344827586207,898.7068965517242,899.0172413793103,899.8793103448276,900.1896551724138,900.5862068965517,901.3448275862069,901.9655172413793,902.2586206896551,903.0344827586207,903.7931034482758,904.2068965517242,904.6551724137931,905.6034482758621,906.1379310344828,907.0344827586207,907.3793103448276,908.2068965517242,909.2241379310345,909.8793103448276,910.4827586206897,910.8620689655172,911.4655172413793,911.7758620689655,912.0172413793103,912.5172413793103,913.2758620689655,914.2586206896551,914.5689655172414,914.9310344827586,915.2413793103449,916.1551724137931,91471.86801426871,90339.9337098692,86480.07282996432,84992.13912009513,84655.59958382879,85274.27110582638,89365.61860879904,91025.98454221166,77294.47235434006,66559.08828775267,57991.45303210463,50717.8064803805,44644.15725326991,40783.11058263972,34158.24019024971,33246.62098692033,28538.05142687277,26938.96819262782,25068.6709274673,25424.932223543397,27426.363852556482,27453.895362663494,28434.950356718193,28491.274673008327,29642.09512485137,30299.577883472055,31832.743162901308,36442.58412604043,37875.11890606421,43964.89536266349,47097.75267538644,53753.23305588585,64028.96700356719,68737.31302021403,74054.52556480379,81118.80856123661,87160.45570749108,81675.8290725327,77753.18935790725,83581.97384066587,91311.88941736027,102394.98483947682,107747.55558858502,115707.02972651605,119263.63139120095,135626.20005945303
0,7,9.477326917648316,0.528527183830738,-0.6806940838166049,-0.4665462473506008,-0.21414783646600408,59.97405326537541,1.04936405009258,490.0183549955353,1809.1290802658993,1241.5670205377517,7.39924575099391,False,5,0.2528248401704525,874.551724137931,877.6379310344828,880.9310344827586,883.6206896551724,887.2758620689655,891.8103448275862,894.9310344827586,898.2586206896551,899.448275862069,900.6034482758621,901.6724137931035,902.3793103448276,903.3103448275862,904.1896551724138,904.8103448275862,906.0,906.3793103448276,906.9655172413793,907.3103448275862,907.7241379310345,908.8103448275862,909.3103448275862,909.9310344827586,910.7758620689655,911.1896551724138,911.7758620689655,912.3620689655172,913.4310344827586,914.1551724137931,915.2758620689655,915.6034482758621,916.4827586206897,917.551724137931,918.4655172413793,919.4137931034483,920.0344827586207,920.6551724137931,921.2241379310345,921.6034482758621,922.3793103448276,923.2413793103449,924.5862068965517,925.0,925.3620689655172,925.9310344827586,927.1034482758621,91471.86801426871,111381.78269916763,100967.54696789537,98711.37336504161,100206.78596908443,111587.63644470867,117893.85731272296,124169.67449464924,119423.93697978598,114112.58412604043,103826.80648038049,98821.40784780023,91263.73127229491,83662.56747919146,71646.87782401903,67143.55172413793,58771.30439952438,55188.89536266349,51331.97265160523,51252.54458977407,53622.91230677765,51612.93816884661,51996.340071343635,54092.76010701546,54138.63644470867,55629.82907253271,55957.92063020215,62738.521105826396,64434.682818073736,69824.68252080856,72465.30826397146,81216.1807372176,96348.1438763377,99711.11087990488,102009.41498216409,112003.27467300832,119002.81212841856,106355.13941736027,96915.82550535076,97772.26991676573,101899.83828775267,111322.41498216409,121521.86206896552,132786.12752675387,137463.68489892985,152563.12722948872
0,20,9.666490173339843,0.6733524158596993,-0.5831278694851606,-0.5084632079482391,-0.07466466153692158,20.35506292648863,0.3670629526946063,659.4822984372839,1403.0923800304245,1052.391785368552,11.219252434985695,True,5,0.2523194433149517,874.551724137931,877.0689655172414,877.3965517241379,877.1896551724138,877.0689655172414,877.7931034482758,878.3793103448276,878.551724137931,878.4137931034483,878.0344827586207,878.1724137931035,878.0344827586207,878.2241379310345,878.3275862068965,878.4827586206897,878.5689655172414,878.6724137931035,879.0172413793103,879.2586206896551,879.3793103448276,879.5172413793103,879.6551724137931,879.7241379310345,880.2241379310345,880.3448275862069,880.4655172413793,880.5862068965517,880.7241379310345,880.7758620689655,881.0172413793103,881.0689655172414,881.3103448275862,881.2586206896551,881.3275862068965,881.5,881.4137931034483,881.6896551724138,881.7758620689655,881.8620689655172,882.2758620689655,882.3793103448276,882.5344827586207,881.8103448275862,881.2586206896551,881.3793103448276,881.6206896551724,91471.86801426871,110897.02972651605,96657.894470868,86937.46403091557,85433.0986920333,84790.54340071345,83704.23543400715,78790.3162901308,74328.82877526754,80883.51605231868,82142.3840665874,100397.30915576695,103463.62217598099,109546.56510107017,109095.11177170034,116089.555588585,113415.46165279429,118577.91349583831,121575.91587395957,129458.06302021403,142576.4910820452,144893.26040428062,149886.13079667065,155420.55321046375,160997.53626634958,165475.86950059453,168444.0701545779,189752.37217598097,200697.79458977407,222473.8790130797,230076.58145065396,254407.5588585018,290148.2262187872,298370.25475624256,305349.5603448276,335389.2080856123,352303.2140309155,354398.48424494645,362477.8085612367,381703.4756242567,411931.78715814505,453896.3522592152,474208.1881688466,511699.74346016656,525729.9595719383,563160.6492271104
0,6,9.448974847793579,0.65922229886055,-0.35658937648028816,-0.2698209733280364,-0.0867684031522517,23.814236215377377,0.4269521491721471,497.1668226923797,1449.8648193222243,886.3871934094739,7.757816294163952,False,5,0.25206712387163677,874.551724137931,877.1379310344828,877.948275862069,878.5172413793103,880.1206896551724,882.6551724137931,883.7068965517242,885.1379310344828,885.9655172413793,886.5862068965517,887.5172413793103,888.4137931034483,889.3275862068965,890.2068965517242,890.551724137931,891.4827586206897,892.2241379310345,893.3275862068965,894.2758620689655,894.8793103448276,896.0862068965517,896.7758620689655,897.9655172413793,899.4310344827586,900.1034482758621,900.8275862068965,901.8620689655172,903.5689655172414,904.4827586206897,905.6896551724138,906.1896551724138,907.3965517241379,908.6724137931035,909.6034482758621,910.448275862069,911.1379310344828,912.0172413793103,912.5,912.8793103448276,913.8965517241379,914.7931034482758,916.4827586206897,916.8448275862069,917.3620689655172,917.8793103448276,919.6206896551724,91471.86801426871,101354.2568370987,85759.77318668253,77661.45659928657,75809.62336504163,74879.50178359095,69031.93133174792,66162.60166468489,59097.86087990488,58128.31153388821,54012.560047562416,58189.00118906065,57824.77199762188,59608.50891795482,58111.76456599287,60966.11177170036,59333.4842449465,60302.8064803805,62204.02734839477,63898.45095124853,67413.69946492271,66846.48424494649,68867.10225921523,71844.00386444709,74565.26516052318,76969.76337693223,78461.56718192628,88291.07282996431,93874.49108204516,102327.66230677762,107371.73989298454,122996.30826397147,145919.08234244946,155534.82550535077,164514.14387633774,184715.73959571938,198138.12039238997,201585.31896551725,208463.51991676577,219194.7824019025,238518.3365041617,267376.3531510107,292186.57936979784,329493.19649227103,341721.0716409038,378874.44233055884
0,54,9.371890544891357,0.6766492754220963,-0.3900072818955272,-0.2698460284077382,-0.120161253487789,33.42936307943148,0.5899664052723949,478.2231463878327,1583.3902091254754,982.0536280101394,8.89144935793077,False,5,0.2518150567477651,874.551724137931,875.448275862069,874.948275862069,875.1724137931035,874.0862068965517,873.4310344827586,873.1206896551724,872.7413793103449,873.3448275862069,873.0,872.8965517241379,873.1206896551724,873.7241379310345,874.0,874.2413793103449,874.3448275862069,874.6896551724138,875.051724137931,875.448275862069,875.6724137931035,876.2413793103449,876.6551724137931,877.051724137931,877.448275862069,878.2931034482758,878.9655172413793,879.3793103448276,879.3620689655172,879.7586206896551,879.4137931034483,879.8620689655172,879.3965517241379,879.0172413793103,878.448275862069,878.2586206896551,878.0,877.7413793103449,877.9310344827586,878.2068965517242,878.6379310344828,879.0172413793103,879.8103448275862,879.4310344827586,879.1206896551724,879.4827586206897,880.0689655172414,91471.86801426871,107008.41973840666,87523.70422116527,75949.31510107015,69609.28567181926,61226.72800237812,54590.62336504162,48941.502080856124,42115.467300832344,38638.65517241379,35150.575505350775,37879.79577883472,37504.234244946485,38312.137931034486,37686.52794292509,39551.15695600475,38719.45541022592,40829.635255648034,39342.45422116527,41086.35820451843,42815.941736028544,42893.57074910821,41795.18697978597,42083.93697978597,41403.96581450654,41402.2401902497,42340.44233055886,48053.644768133185,51147.63139120095,60120.17360285374,62740.04994054697,72978.17033293699,86940.98246135551,94691.93697978597,102162.67449464923,113149.24137931035,123184.43311533889,126757.4435196195,131260.7847800238,143760.54131985732,154114.84453032105,177306.32609988115,195407.5211058264,215501.6578478002,226326.42211652792,257910.13317479193
0,9,9.297826671600342,0.5764987170696259,-0.5017329435524357,-0.346365099669775,-0.1553678438826606,43.450829203804524,0.7617348232889454,490.9663900998453,1714.323864435382,1077.679791871748,4.9679252174979585,False,5,0.25156324169101735,874.551724137931,874.6896551724138,874.4655172413793,874.8448275862069,874.551724137931,874.6379310344828,875.4655172413793,876.2586206896551,878.6206896551724,880.1551724137931,881.0172413793103,881.9655172413793,882.6206896551724,883.8448275862069,884.4827586206897,885.2413793103449,886.6206896551724,887.7068965517242,888.4310344827586,888.4137931034483,888.6206896551724,889.1551724137931,889.551724137931,889.948275862069,889.9827586206897,890.4137931034483,891.0,890.6034482758621,890.9137931034483,890.3965517241379,891.0689655172414,890.8793103448276,890.9655172413793,890.9655172413793,891.0862068965517,890.8448275862069,891.2068965517242,891.0344827586207,891.2413793103449,891.4655172413793,891.1724137931035,891.1379310344828,891.2586206896551,890.9655172413793,891.0,891.2068965517242,91471.86801426871,103544.55885850181,88120.73156956006,75552.47592152201,72541.73008323426,73659.024078478,73926.1798454221,72052.91587395957,70924.44233055886,66611.78626634959,61233.4307372176,57107.033293697976,54152.47681331748,52571.16557669441,47615.14625445898,45857.2175980975,41969.097502972654,39532.172711058265,36206.00386444709,35287.725326991684,37981.47681331749,37026.717300832344,36999.247324613556,38835.04904875149,40970.051426872764,41201.82877526754,41284.8275862069,48385.894470868014,52522.8718787158,60185.17033293698,62131.47800237811,69041.45095124852,81897.86087990488,88530.96432818074,95061.42360285374,104735.47592152201,110805.06064209274,114576.5850178359,120568.5624256837,133947.07639714621,148949.86682520807,176799.49821640903,193841.70897740783,214142.48156956004,228173.3103448276,262213.0951248514
0,8,9.434974718093873,0.5387084260582924,-0.5825882322235656,-0.39081679475028663,-0.19177143747327902,53.82707301777532,0.9392678585474467,483.4703281359088,1758.1263672329533,1200.4147079357692,5.565569794769632,False,5,0.25131167844932634,874.551724137931,875.1206896551724,876.1724137931035,876.7586206896551,877.5344827586207,878.7068965517242,880.4310344827586,882.0689655172414,884.5172413793103,886.5689655172414,888.2586206896551,890.6206896551724,893.0172413793103,894.7586206896551,895.7241379310345,896.5689655172414,897.4827586206897,898.3275862068965,898.3448275862069,898.1896551724138,898.5689655172414,899.0,899.1379310344828,898.9827586206897,899.6034482758621,899.948275862069,900.448275862069,900.551724137931,900.5862068965517,901.3275862068965,901.448275862069,901.9655172413793,901.7758620689655,901.8965517241379,902.0689655172414,903.0,902.6896551724138,902.948275862069,903.5689655172414,903.7068965517242,904.2241379310345,904.6034482758621,904.6724137931035,904.9310344827586,905.1034482758621,906.0689655172414,91471.86801426871,95886.96819262783,80727.41854934601,63942.32104637336,56279.110879904874,56996.414090368606,54854.00386444709,57257.89179548157,59746.663495838286,61047.00386444709,61661.60552913199,59192.64922711058,57782.154875148626,58815.97621878717,56396.854934601666,57192.24524375743,53925.077288941735,53605.97889417361,50788.88109393579,52528.98127229488,55455.934898929845,57371.58620689655,57003.18787158146,59324.74108204516,60902.204815695615,63582.04904875149,65825.10939357909,72036.1783590963,75636.79429250893,80997.08234244946,82480.7645659929,88988.51605231868,99275.13941736029,104187.40309155767,109562.40903686089,116704.93103448275,123988.3174791914,128137.66973840666,131319.1762782402,142091.79340071348,153805.82907253268,171920.20481569556,182229.87544589775,197158.96076099883,209118.1272294887,232034.40903686086
0,18,9.798592567443848,0.5402883589267731,-0.8254114278665565,-0.5932721509590023,-0.23213927690755412,65.185273016959,1.1371135128889753,488.3996552573258,1902.006279241566,1320.3699827628664,6.245076434832619,True,5,0.25080930640410615,874.551724137931,874.8103448275862,877.3275862068965,879.2758620689655,881.2586206896551,882.7413793103449,884.3793103448276,886.7241379310345,888.0,889.5,891.5689655172414,893.2586206896551,895.0689655172414,896.5172413793103,898.2068965517242,899.448275862069,900.7758620689655,902.1206896551724,902.948275862069,903.3103448275862,903.3103448275862,903.2758620689655,903.6034482758621,904.051724137931,904.2931034482758,904.4137931034483,904.4655172413793,903.8103448275862,903.8275862068965,903.1551724137931,903.3448275862069,903.0172413793103,902.5,902.0862068965517,901.6551724137931,900.7931034482758,900.4655172413793,900.5,900.2758620689655,900.8275862068965,900.2241379310345,899.6034482758621,899.5344827586207,898.9827586206897,898.7413793103449,898.2586206896551,91471.86801426871,93322.6364447087,91255.6340665874,88589.37217598097,87958.74346016646,90777.50208085611,94476.68370986922,96079.33769322236,96038.44827586207,101042.93965517242,99496.3831747919,98370.84690844233,89560.16765755053,90042.07728894173,86234.06064209275,84087.07491082045,76206.6566587396,71558.14060642093,68350.87663495837,65496.28299643281,64964.765755053515,62935.82045184304,61066.3772294887,60244.04904875149,59892.931331747925,60024.1046373365,59688.214328180744,67052.29161712248,70595.2116527943,77509.71730083233,76905.95005945304,85157.36177170035,95200.83620689655,100387.80291319857,104062.43281807372,111371.30202140308,117002.83501783593,115425.69827586207,119229.16527942925,127988.34958382876,138368.3118311534,157451.68757431625,171243.9729488704,188317.67211652797,198367.8813912009,225029.29518430438
0,3,10.06384596824646,0.5527763694524765,-0.8009082368976048,-0.5927163487749334,-0.20819188812267153,58.354110144477566,1.0212027860886637,506.5363707251866,1821.1598529575583,1255.8012699119972,7.5326341264929235,False,5,0.25055849709770206,874.551724137931,875.9655172413793,878.1206896551724,880.051724137931,882.9655172413793,885.8793103448276,888.1551724137931,890.1724137931035,892.3275862068965,894.3965517241379,896.1034482758621,897.7068965517242,899.2931034482758,900.7241379310345,901.5862068965517,902.4827586206897,903.1896551724138,903.8275862068965,904.051724137931,903.9827586206897,904.6896551724138,904.8793103448276,905.0,905.2758620689655,905.448275862069,905.8448275862069,906.0689655172414,906.6551724137931,906.9655172413793,907.5689655172414,907.6896551724138,908.1551724137931,908.7241379310345,909.1379310344828,909.4655172413793,909.3793103448276,909.6379310344828,910.2586206896551,910.3793103448276,911.0,911.1724137931035,912.0172413793103,911.8965517241379,912.1379310344828,912.2586206896551,912.7068965517242,91471.86801426871,103767.48156956006,95788.07164090368,92045.60077288943,92702.58501783591,99996.45095124852,104471.44143876337,108007.52199762188,110066.8409631391,111304.92895362663,107445.2996432818,105564.17271105824,105183.62098692034,97174.47562425683,87299.86325802616,84034.5255648038,78517.60196195006,75974.59096313911,68582.94560047562,68509.32728894174,71923.52437574316,72717.20957193816,72728.89655172414,75253.51010701546,76192.17835909632,79392.30350772891,82660.4435196195,92035.5362663496,97917.7229488704,106335.6935196195,111184.35196195006,122096.26902497027,139099.37217598094,148032.1533888228,155493.59363852558,168565.06302021403,175617.16200951248,176283.95035671818,180054.85612366232,190485.75862068965,205754.21165279427,232566.63763376934,247565.36860879904,270129.3602853745,278379.3296670631,304380.20719381684
0,10,10.185149669647217,0.5584513053297997,-0.6614669254467209,-0.49882405599802326,-0.16264286944869752,45.46568822269337,0.7981774602422278,533.446878198567,1631.9547594677585,1155.7031047424086,9.177900470420573,False,5,0.25030793860060435,874.551724137931,875.9310344827586,877.448275862069,878.7413793103449,877.9655172413793,878.7068965517242,879.551724137931,880.551724137931,882.0,882.9655172413793,883.8965517241379,885.0344827586207,886.2758620689655,886.8448275862069,888.3620689655172,889.5344827586207,890.3448275862069,890.8103448275862,891.0172413793103,890.8103448275862,890.551724137931,890.1034482758621,889.5862068965517,889.6034482758621,889.2413793103449,888.8793103448276,888.5862068965517,887.9310344827586,887.7586206896551,887.2068965517242,886.9310344827586,886.5344827586207,885.6724137931035,885.1206896551724,884.948275862069,884.0,883.7068965517242,883.7241379310345,883.5,883.2931034482758,883.0172413793103,882.2931034482758,881.2586206896551,879.948275862069,879.8620689655172,879.2586206896551,91471.86801426871,108220.82282996435,93518.86801426872,79462.53656361473,73889.61950059453,72295.93133174792,72699.97146254458,69375.4887039239,67398.20689655172,66581.48156956006,62989.05826397146,66007.96432818074,66923.51010701546,66431.1310939358,62482.886147443525,62271.66260404281,60255.57074910821,59570.94678953626,55370.430737217604,57838.05023781213,61890.247324613556,64917.47205707491,68469.38049940547,71771.48067776457,74750.66587395956,79681.03715814506,81675.51843043994,93364.71938168848,101699.80380499405,116587.61236623068,119925.54696789537,135115.38674197384,155835.6340665874,163758.89922711058,172351.01456599287,195083.58620689655,207198.2416765755,205274.71700356723,208434.83620689655,215921.55202140313,231691.4652199762,255567.41409036858,280493.91587395954,308843.87663495843,317136.4637336504,351148.7089774079
0,30,10.021973419189454,0.5872603639960289,-0.4723790879980886,-0.34912252007432065,-0.12325656792376795,34.30446108415112,0.6057633870968402,494.3082924263675,1506.429172510519,984.0757363253857,7.80982935426635,False,5,0.25005763066200376,874.551724137931,876.3275862068965,877.0,877.2413793103449,878.2758620689655,879.551724137931,880.2586206896551,880.8448275862069,881.9655172413793,882.2758620689655,883.2068965517242,884.4137931034483,885.2068965517242,885.4827586206897,885.9827586206897,887.1034482758621,888.1034482758621,888.7241379310345,889.3965517241379,889.5344827586207,890.4137931034483,890.7586206896551,891.0,891.1896551724138,891.948275862069,892.448275862069,892.8275862068965,893.6896551724138,894.051724137931,894.7068965517242,894.9310344827586,895.6551724137931,895.8965517241379,896.3965517241379,896.8103448275862,896.9310344827586,897.3620689655172,897.6206896551724,897.8793103448276,898.3275862068965,898.7068965517242,899.6206896551724,899.5344827586207,899.8103448275862,900.0344827586207,900.8103448275862,91471.86801426871,110903.11682520808,96228.58620689655,80924.76932223543,73762.68252080855,70086.4887039239,63753.77794292509,61176.02764565993,54121.136741973845,50684.47562425684,45584.508917954816,49200.62187871581,45529.26753864447,46112.21521997621,41088.913495838286,41558.88585017836,40391.54102259216,40272.096313912014,38191.584126040434,38487.69708680143,42493.311533888234,43664.49346016647,43380.41379310345,44019.53299643281,45629.393876337694,47139.695600475636,48656.00475624257,58968.45541022592,65661.11801426872,76327.31064209277,80851.305588585,92381.57074910821,113238.02378121285,120150.41171224733,123550.70541022593,141592.09869203327,151572.88614744353,153631.26991676574,159832.34750297264,169493.15130796673,187982.5175386445,214590.64922711055,237123.83501783593,259611.1192033294,273824.2057074911,302936.6364447087
0,39,9.801618719100953,0.5796249464154244,-0.46154474585089855,-0.3286978087699269,-0.1328469370809717,37.03306484564677,0.6512837977290127,483.1334210526316,1568.7751315789474,991.7065789473684,5.002016093483339,False,5,0.24980757303134177,874.551724137931,875.2413793103449,875.3620689655172,875.2758620689655,875.1379310344828,875.5862068965517,876.2586206896551,876.4310344827586,877.551724137931,878.2586206896551,878.8448275862069,879.7931034482758,880.3965517241379,881.1379310344828,881.6724137931035,882.6206896551724,882.7068965517242,883.4655172413793,884.3965517241379,885.551724137931,886.4655172413793,887.1206896551724,887.5,888.0862068965517,888.7241379310345,889.3793103448276,890.0172413793103,890.5344827586207,891.2068965517242,891.5172413793103,891.5,891.5344827586207,891.551724137931,891.4827586206897,891.6724137931035,891.6206896551724,891.9137931034483,892.2931034482758,892.1724137931035,892.2758620689655,892.1551724137931,892.6551724137931,892.7931034482758,892.6034482758621,892.5689655172414,892.5172413793103,91471.86801426871,102678.04518430443,90135.54131985732,81678.82045184304,79691.70511296077,84242.31153388822,81033.15725326992,76446.03834720573,68265.69560047562,62914.88139120095,56368.02764565994,54507.37098692033,53854.5496432818,57415.877526753866,54552.25475624257,56412.78715814505,54711.689952437584,54302.90398335316,51828.342746730086,51248.31629013079,53935.455707491084,51872.106123662306,48829.870689655174,49085.38912009513,50549.99286563615,50030.16646848989,52436.258323424496,58171.42122473246,61744.71581450654,68715.6634958383,72319.11206896552,81440.86950059453,96407.62663495839,103818.24970273484,110714.22027348395,123349.68370986919,133098.63049940547,138856.68995243756,145078.21165279427,158974.95838287752,177569.1310939358,207049.63971462543,231127.7502972652,257877.51516052315,267679.41765755054,305594.0428061831
0,4,9.748323106765747,0.5884608566761017,-0.5645353258741423,-0.4135874563173561,-0.15094786955678632,42.078826236128066,0.7404360406079481,533.9375449187868,1612.0079775765416,1117.695630300417,8.98720181000446,True,5,0.2493082076928521,874.551724137931,877.1379310344828,879.5862068965517,881.2586206896551,882.2068965517242,884.2413793103449,885.7586206896551,886.948275862069,887.7758620689655,888.2586206896551,889.0344827586207,889.3448275862069,890.2758620689655,890.8103448275862,891.051724137931,891.8275862068965,892.0344827586207,892.0689655172414,892.051724137931,892.1551724137931,892.5,892.6206896551724,893.1206896551724,893.6034482758621,893.7931034482758,894.3448275862069,895.0172413793103,895.6379310344828,895.6206896551724,896.0172413793103,896.1206896551724,896.5862068965517,896.8965517241379,897.2586206896551,897.3965517241379,897.1551724137931,897.7241379310345,897.8965517241379,898.0,898.4137931034483,898.3793103448276,898.7068965517242,898.1896551724138,898.6551724137931,898.6896551724138,899.3103448275862,91471.86801426871,111179.98097502971,102379.79429250893,94691.605529132,89217.68133174792,90793.97621878714,84873.66587395956,78545.49732461356,70280.10493460167,66161.6400118906,57514.65398335316,61879.88109393579,57595.854934601666,54946.63644470869,50534.94560047562,49512.31510107016,46251.30915576695,45151.581450653975,42992.911117717005,44643.44143876338,48926.25,49678.71819262783,50808.175089179545,53049.3772294887,55722.8192627824,58713.36385255648,59929.08590963139,68311.3689060642,76222.8561236623,85633.6031510107,93880.55439952436,105014.38049940547,122107.85136741973,127215.70897740783,136419.7220570749,156743.78626634958,164988.19976218787,167887.64447086802,169011.2068965517,179736.51843044,194664.92508917954,218331.51753864446,234809.0847205707,261494.88109393578,272221.627824019,300156.7312722949
0,48,9.770614528656006,0.6169021293520928,-0.43655398669189033,-0.31064754436742703,-0.12590644232446335,34.963894094126815,0.617563795414861,501.3841742230489,1485.047043323258,989.8089591567852,8.292250874237594,False,5,0.24905889948515927,874.551724137931,876.448275862069,877.8103448275862,878.6551724137931,879.1896551724138,880.3965517241379,881.551724137931,882.2413793103449,882.4137931034483,882.5,882.6379310344828,883.051724137931,883.4310344827586,883.6379310344828,884.0344827586207,884.0689655172414,884.6206896551724,885.2068965517242,885.2758620689655,885.8793103448276,886.2068965517242,886.3275862068965,886.9310344827586,887.2758620689655,887.3620689655172,887.448275862069,887.6724137931035,888.3275862068965,888.7241379310345,889.2758620689655,889.4310344827586,889.8103448275862,890.1034482758621,890.3793103448276,890.4827586206897,890.2931034482758,890.7758620689655,890.9137931034483,891.051724137931,891.4310344827586,891.5689655172414,891.9655172413793,891.5344827586207,891.5344827586207,891.5689655172414,891.9827586206897,91471.86801426871,104247.14387633771,85644.73989298454,70045.01902497027,60029.91230677765,55653.13585017836,50134.143876337694,45854.80380499405,42756.89774078478,40732.35344827586,38515.78269916766,41765.462841854926,42730.10731272296,44766.95511296076,44923.99881093936,49488.99524375743,49704.1664684899,51370.85374554102,52735.02734839476,54131.4164684899,58413.71581450654,59710.87544589774,60467.167657550526,60437.78596908443,60018.610285374554,61624.83353151011,63134.11682520808,72154.59958382878,77945.40665873961,86983.02734839478,92451.21076099882,101638.25713436384,121422.26516052318,127866.9940546968,135843.3531510107,154981.62098692034,167939.82907253265,169211.38912009515,177900.5662901308,189263.03834720576,202068.00386444703,229774.27467300836,255044.007431629,286244.17984542204,299278.59007134364,333110.08590963134
0,9,9.752425718307496,0.6385849788784981,-0.3865840507468769,-0.2709079496754448,-0.11567610107143224,32.1059092681832,0.5675420534029544,489.57645525629886,1549.9976542137272,951.3782797567333,8.651676946788385,False,5,0.24880984058567412,874.551724137931,875.9655172413793,875.5172413793103,875.5862068965517,874.3965517241379,873.4655172413793,872.8103448275862,871.9310344827586,871.4827586206897,870.5172413793103,870.0689655172414,869.5689655172414,868.8965517241379,868.1551724137931,867.6724137931035,867.2241379310345,866.7413793103449,866.1896551724138,865.8620689655172,865.4655172413793,865.2758620689655,865.5172413793103,865.5,865.3103448275862,864.9137931034483,864.9310344827586,864.9310344827586,864.051724137931,863.8620689655172,863.3275862068965,863.2931034482758,862.5344827586207,861.2586206896551,860.6724137931035,860.551724137931,859.5862068965517,859.3793103448276,859.3448275862069,859.051724137931,858.2931034482758,857.3965517241379,856.2241379310345,855.3965517241379,854.6724137931035,854.2586206896551,853.2758620689655,91471.86801426871,105423.8953626635,87822.07728894174,72996.93222354341,65058.308263971456,59611.00743162902,53805.77437574316,51614.443519619505,49978.62901307968,52821.38763376932,54558.6159334126,65046.762485136736,69226.29964328182,74452.16557669442,73044.73751486324,78916.76010701546,79958.88139120096,82991.11920332938,84211.04994054697,76537.52467300832,75536.51010701545,70638.42211652795,65710.04310344828,63165.420927467305,63182.83739595719,63237.75386444708,62444.44351961951,70230.7387039239,73512.39476813318,73301.3237217598,70566.10374554101,76035.35225921523,87535.39863258027,89110.7719976219,87425.41973840664,96798.93222354341,102841.8561236623,105257.77764565992,109923.87663495839,117491.68995243759,129842.54964328182,152901.5876932223,169420.58412604046,191072.9099286564,198787.4675980975,225028.71700356717
0,5,9.580491733551025,0.6579915836453438,-0.41064850631106914,-0.30153809516821756,-0.1091104111428516,30.22742482193478,0.5357686909332715,506.3189140567504,1537.5647231989533,980.8858451222504,9.601140537350524,False,5,0.24856103074508845,874.551724137931,874.7758620689655,873.8448275862069,873.3448275862069,872.3275862068965,870.8103448275862,870.0344827586207,868.9310344827586,868.1034482758621,866.8275862068965,866.2241379310345,865.551724137931,864.7241379310345,863.8620689655172,863.3965517241379,862.7413793103449,862.2931034482758,861.6551724137931,861.2586206896551,861.5689655172414,861.6724137931035,862.2241379310345,862.3448275862069,862.1724137931035,862.2758620689655,862.051724137931,862.2241379310345,861.5,860.8448275862069,860.0172413793103,859.6379310344828,858.7758620689655,857.6724137931035,857.6034482758621,857.2758620689655,856.9827586206897,856.7413793103449,856.9827586206897,856.8103448275862,856.2068965517242,855.5,854.4137931034483,853.6551724137931,852.7413793103449,852.7241379310345,851.551724137931,91471.86801426871,104077.96700356716,87638.40695600475,75713.63971462545,68817.87544589773,66006.29161712246,63169.550535077295,62805.029726516055,67854.50653983353,77339.21165279433,85873.10493460168,101480.62663495837,110378.57907253271,124615.42925089179,127651.96343638524,140754.6400118906,147485.9313317479,154981.57074910824,159637.39863258024,133000.59007134364,115330.46165279427,96053.10493460168,85753.01902497027,80985.5909631391,75719.13079667062,73459.49732461355,71674.38079667064,80685.18103448275,81436.71730083233,79399.15487514864,77906.74821640905,82831.13941736029,94078.11682520808,93898.92895362664,94944.82045184304,103365.49970273484,108488.15725326992,109179.56866825208,115247.46403091558,124975.71581450653,137174.4568965517,160938.48394768132,173096.6741973841,190923.91587395957,200165.4066587396,223343.661117717
0,20,9.783720874786377,0.6603647381067276,-0.42008257831307866,-0.3391426379502174,-0.08093994036286131,22.14503208230284,0.39856373750264984,544.2139275766017,1473.5709610027855,949.7908774373259,10.502670379515907,False,5,0.24831246971434337,874.551724137931,876.448275862069,876.1551724137931,875.9655172413793,876.1551724137931,875.7586206896551,876.1034482758621,875.7931034482758,875.5689655172414,874.9655172413793,874.7068965517242,874.6034482758621,874.3620689655172,874.0689655172414,873.9310344827586,873.6034482758621,873.3275862068965,873.1551724137931,873.0,872.8965517241379,872.9827586206897,872.7068965517242,872.5344827586207,872.8965517241379,873.2413793103449,873.5172413793103,873.9137931034483,873.448275862069,873.0862068965517,872.9310344827586,873.4827586206897,873.6896551724138,873.1724137931035,873.3620689655172,873.0862068965517,872.6206896551724,872.9310344827586,873.1379310344828,873.3448275862069,873.3275862068965,872.8620689655172,872.7413793103449,872.1896551724138,872.1551724137931,872.4655172413793,872.4655172413793,91471.86801426871,109197.93697978597,92978.475921522,78880.44708680142,72697.54488703923,67142.01070154579,61755.74791914387,58295.646848989294,59373.10731272296,64842.30915576694,71398.51753864448,80885.17033293698,88631.23097502971,97379.02972651605,102093.581450654,111443.44619500593,114663.18579072533,122640.1655766944,127006.06896551725,113594.40309155764,106952.32728894174,98598.13822829965,92377.93846611178,89998.81688466112,88241.01070154579,87655.45659928657,86425.11325802618,96555.14387633771,101372.80291319857,97872.20214030916,94858.69797859689,100449.86920332938,110003.65992865636,109439.50683709868,111226.07877526754,120277.26991676576,124638.0986920333,127440.18787158145,130877.43281807372,140969.15130796668,153102.08442330558,171727.08828775267,181957.94678953628,198203.09661117717,202808.49019024966,223280.9729488704
0,11,9.831812429428101,0.5808451190590859,-0.4234005388960942,-0.2735344854199464,-0.14986605347614776,41.86009719136267,0.7350883347483979,467.1429175029048,1586.1815781134467,1006.675398753565,5.041492023826639,True,5,0.2478160930873844,874.551724137931,875.7931034482758,875.8793103448276,875.7241379310345,875.4655172413793,875.6206896551724,875.5,875.4310344827586,874.9827586206897,874.6379310344828,874.7241379310345,874.6896551724138,874.7413793103449,874.5172413793103,874.7413793103449,874.6551724137931,875.051724137931,875.2758620689655,875.5344827586207,875.4827586206897,875.3620689655172,875.2931034482758,875.3448275862069,875.6724137931035,875.5172413793103,875.7931034482758,876.1551724137931,875.8965517241379,875.7068965517242,875.5344827586207,875.4310344827586,875.3275862068965,874.9137931034483,874.6896551724138,874.6551724137931,874.2586206896551,874.5344827586207,874.4137931034483,874.4137931034483,874.3965517241379,874.051724137931,873.7758620689655,873.5,873.2068965517242,873.0689655172414,873.1034482758621,91471.86801426871,96910.78478002378,87495.86474435196,76235.16527942923,70228.97294887039,67112.338882283,60956.043103448275,56881.21076099882,51021.258323424496,47000.713733650424,39723.268727705115,39003.45541022593,38107.571046373356,35008.93935790726,30225.984839476812,28675.260404280616,27302.60077288942,26950.7514863258,24549.352259215226,23831.24970273484,25312.19649227111,25698.414090368613,25611.122473246138,25888.116825208082,27830.3531510107,27679.991676575504,26960.441438763373,31363.989298454224,32892.0692627824,35724.00743162901,36606.521105826396,39936.08234244947,47181.561533888234,49941.76575505351,51351.432818073714,56642.2951843044,60300.24881093936,57683.4149821641,57854.27705112961,61915.10136741973,67238.70422116529,80101.72562425683,89648.80172413793,100626.23305588585,108518.71938168847,127700.16171224731
0,3,9.865841913223267,0.48333757370710373,-0.5078963863398676,-0.3406659619571326,-0.16723042438273494,46.90844192508906,0.8221887201235472,472.01448205885066,1680.9121852227654,1094.0155889678074,7.09143903720599,False,5,0.247568276994297,874.551724137931,876.0172413793103,876.3448275862069,876.4827586206897,876.4137931034483,877.4827586206897,877.4827586206897,878.1206896551724,878.6379310344828,878.8620689655172,879.5344827586207,880.1551724137931,881.051724137931,881.1034482758621,881.3793103448276,881.8965517241379,882.2758620689655,882.551724137931,882.6724137931035,882.5,882.3965517241379,882.3620689655172,882.0344827586207,881.6896551724138,881.7241379310345,881.6551724137931,882.1379310344828,882.0689655172414,881.9827586206897,881.7931034482758,881.9310344827586,881.9137931034483,881.6896551724138,881.7068965517242,881.7931034482758,881.3103448275862,881.1551724137931,881.1551724137931,881.2241379310345,881.1896551724138,881.1034482758621,880.9137931034483,880.5172413793103,879.9310344827586,879.8793103448276,879.8275862068965,91471.86801426871,99619.94797859689,86592.50178359095,72921.2152199762,64659.4149821641,61690.422116527945,54577.31866825208,48125.38198573128,45435.33442330559,44788.80856123661,43185.07639714625,41827.06212841855,39787.393876337694,41425.02378121284,38034.20095124851,35050.989298454224,29936.47562425684,27558.799048751483,26081.461652794293,26981.525862068964,30292.687574316293,31999.368906064206,31727.13674197384,32800.62782401902,34100.09631391201,35276.57074910821,35544.187871581446,40275.44351961951,40477.94797859691,39456.02615933413,38331.71938168846,40072.32015457789,46576.662306777645,48477.0692627824,47897.508917954816,53466.35196195006,57002.372473246134,56603.200059453025,58375.03596908443,64193.29161712247,72844.40309155767,88172.56153388822,102202.38763376932,119142.65041617121,125720.38198573128,146924.90130796668
0,3,9.858236026763915,0.4813047707080841,-0.5501180791473302,-0.37684520679916067,-0.17327287234816952,48.835412691171605,0.8566246506144366,471.03800515907136,1694.3250214961306,1134.3530524505588,6.956150305344048,False,5,0.24732070871730272,874.551724137931,875.8793103448276,875.9827586206897,876.051724137931,875.948275862069,875.7413793103449,875.5172413793103,875.6206896551724,877.2586206896551,878.5,879.9137931034483,880.7931034482758,882.0689655172414,883.7068965517242,884.6551724137931,885.0172413793103,885.7413793103449,886.2241379310345,886.2241379310345,885.8103448275862,885.9655172413793,885.7586206896551,885.6206896551724,885.5689655172414,885.5,885.2758620689655,885.1206896551724,885.2931034482758,885.1034482758621,884.7931034482758,884.9137931034483,884.9827586206897,884.2758620689655,884.0862068965517,883.9310344827586,883.4137931034483,883.3275862068965,883.2241379310345,883.1206896551724,883.0344827586207,882.7413793103449,882.3793103448276,881.7931034482758,880.9827586206897,880.7586206896551,880.4655172413793,91471.86801426871,105643.2440546968,85111.74108204519,71040.49732461356,64481.2559453032,61620.846908442334,57183.42211652794,54028.61474435196,56076.70897740785,57294.83620689655,55158.38912009512,52557.33650416172,49236.27110582641,45151.20719381688,40141.81212841855,36831.39625445898,33621.364149821646,32823.41527942925,30831.0014863258,31085.326099881095,33366.13674197384,36393.907253269914,37669.58026159334,40867.24524375743,44520.043103448275,46690.785969084434,46790.933709869205,54807.689952437584,58755.33412604043,56277.95719381688,49771.3546373365,51186.87901307968,57847.95838287752,56648.458085612365,55943.61593341261,61846.55291319857,64197.32372175981,66769.44976218787,71122.34750297265,77614.96432818074,87343.43311533888,106498.37336504161,118052.19857312721,130364.7755648038,139232.49346016647,162166.66260404285
0,30,9.970080137252808,0.4636711165308952,-0.5356261773701244,-0.37230452379765044,-0.16332165357247394,46.04169551765001,0.8080251623828866,525.4652732418898,1710.8864213658467,1172.3413890703243,9.03976460763739,False,5,0.24707338800858542,874.551724137931,876.0689655172414,876.4310344827586,876.2241379310345,876.3448275862069,877.3275862068965,877.4655172413793,878.0862068965517,879.7931034482758,881.1206896551724,882.8275862068965,884.2068965517242,886.3620689655172,888.1379310344828,889.4137931034483,890.4137931034483,890.5172413793103,891.3793103448276,892.051724137931,891.7931034482758,892.5,893.1551724137931,893.0862068965517,893.1206896551724,893.6379310344828,893.8275862068965,894.0344827586207,894.4310344827586,894.5,894.9827586206897,895.3448275862069,896.2413793103449,896.0689655172414,896.2931034482758,896.4310344827586,896.2068965517242,896.3793103448276,896.4655172413793,896.5689655172414,896.6724137931035,896.7586206896551,897.1206896551724,896.5344827586207,896.8965517241379,896.9827586206897,897.3965517241379,91471.86801426871,110655.37455410227,97083.14179548157,87397.86355529132,89719.60523186682,95826.49613555291,89163.283293698,83278.97532699167,81875.75029726516,79852.17508917955,72021.17717003566,69959.33650416172,67072.23097502971,62469.222354340076,56234.932223543394,54384.34601664684,47983.11177170035,44995.30439952437,42227.70422116528,44399.54340071343,48130.59482758621,50291.8207491082,52179.90636147443,55068.726813317466,58134.127526753866,59484.17717003566,59078.79191438763,68010.31420927467,70435.93965517242,67820.53418549347,64277.294887039236,66783.66587395957,76018.78834720573,74653.13822829965,75558.0383472057,82185.71581450653,86402.89060642093,89729.17984542216,96392.79696789537,106987.90992865637,122940.18311533888,147870.3819857313,164979.14536266352,181717.1272294887,190705.2583234245,222372.20481569562
0,9,9.970856761932373,0.4945195376873016,-0.518887435028801,-0.35807696064433975,-0.1608104743844612,45.35989760044887,0.7953208815402225,487.5744482437053,1685.8997513211066,1124.4453683556108,7.962331114157527,False,5,0.24682631462057683,874.551724137931,876.3965517241379,876.6896551724138,876.6724137931035,876.8620689655172,877.2586206896551,877.6551724137931,877.5862068965517,879.1206896551724,879.6206896551724,880.2931034482758,880.6379310344828,881.4310344827586,881.9827586206897,882.9655172413793,883.551724137931,884.4655172413793,884.8275862068965,885.1206896551724,885.1034482758621,885.4827586206897,885.4827586206897,885.2068965517242,885.5344827586207,885.4137931034483,885.2931034482758,885.2758620689655,885.4137931034483,885.448275862069,885.5,885.3448275862069,885.5862068965517,886.051724137931,885.948275862069,885.8620689655172,885.5172413793103,885.7758620689655,885.7758620689655,885.7068965517242,886.4137931034483,886.1206896551724,886.2068965517242,885.7758620689655,885.6551724137931,885.7068965517242,885.6724137931035,91471.86801426871,115582.13585017834,104514.52437574315,100711.42717003565,106898.56718192628,112125.32966706302,106947.63971462545,98022.44946492273,90449.51991676574,81350.68370986922,71768.75891795481,67560.09304399524,59407.24524375743,56070.63763376933,50174.791914387635,46630.69560047563,43459.386741973845,42337.453032104626,42462.83026159335,40819.54102259215,40311.93935790725,40672.904875148626,40924.92271105827,41790.62812128418,43879.794292508916,43951.13822829964,45471.268727705115,48355.10463733651,49100.17835909632,51193.73275862069,52379.08799048753,55620.173602853756,62209.221462544585,63494.63525564804,65802.84304399525,69898.59453032105,73368.79458977407,75362.55321046372,78014.55202140308,83432.20808561238,90627.20957193816,102801.09512485139,113963.96700356717,129611.7431629013,136685.44857312724,153706.32372175978
0,3,10.07185893058777,0.5004280224442482,-0.3971686743719478,-0.27656023221727116,-0.12060844215467657,33.62727193107375,0.5920873155035038,493.3553459119497,1570.489875747814,1005.9115661911336,8.097560644314946,True,5,0.2463329088176503,874.551724137931,876.8620689655172,877.4137931034483,878.0689655172414,879.1551724137931,880.7586206896551,881.5689655172414,882.5689655172414,882.9655172413793,883.2758620689655,883.6896551724138,884.4137931034483,885.1896551724138,885.7241379310345,886.1034482758621,886.7241379310345,886.9827586206897,887.3103448275862,887.5344827586207,888.0862068965517,888.9827586206897,889.5172413793103,889.8448275862069,890.3620689655172,891.3620689655172,891.7931034482758,892.2931034482758,893.2758620689655,893.8448275862069,894.948275862069,895.3793103448276,896.0172413793103,896.2586206896551,897.448275862069,898.3275862068965,898.8620689655172,899.3448275862069,899.6206896551724,900.5862068965517,901.2586206896551,902.5,903.5344827586207,903.3103448275862,903.5689655172414,903.8965517241379,904.8793103448276,91471.86801426871,107995.08442330558,92665.38049940545,81066.23662306777,78896.44143876337,79123.49346016646,74661.62455410227,74884.76248513674,69394.30915576694,68954.16527942926,63380.86920332936,74155.51843043994,72377.18816884662,73117.78596908443,68316.0927467301,70904.61355529132,66164.36177170037,64514.90368608799,61309.49019024971,65922.76843043994,70632.25832342451,69441.49108204519,70656.13109393578,73712.78269916767,73660.9895957194,74731.19857312723,73126.24167657549,84368.95838287752,90012.71730083233,95807.08353151011,95541.30439952438,103382.56866825206,118419.43311533888,115746.83353151011,118099.9788941736,127145.32580261593,133911.15695600474,130550.0285374554,131445.8977407848,139207.77794292508,151465.18103448275,172287.66260404282,196566.28299643286,219928.4176575505,233125.40309155767,265066.69233055884
0,3,9.978344106674195,0.4912594974040985,-0.3266265370716426,-0.19334448621944003,-0.13328205085220263,37.215941755306325,0.654461255920742,480.61656218107595,1577.4334451086165,1025.7536812946494,7.895065690689578,False,5,0.24608657590883265,874.551724137931,875.2413793103449,874.5689655172414,874.2241379310345,873.6379310344828,872.3448275862069,871.8448275862069,871.3620689655172,871.5172413793103,870.2586206896551,870.1551724137931,869.5172413793103,868.948275862069,869.0689655172414,869.1206896551724,868.7241379310345,868.7586206896551,868.9137931034483,869.1551724137931,868.3965517241379,868.4827586206897,868.051724137931,868.3620689655172,867.8965517241379,867.3965517241379,867.7931034482758,867.3965517241379,866.8448275862069,866.7586206896551,866.7931034482758,866.7241379310345,866.9827586206897,866.9137931034483,867.2413793103449,867.448275862069,867.3275862068965,866.9655172413793,867.0862068965517,866.7931034482758,866.3793103448276,866.0172413793103,865.4137931034483,864.6379310344828,863.9655172413793,863.7758620689655,862.9827586206897,91471.86801426871,108315.39001189062,94276.27972651603,86527.69114149822,85875.92063020215,80054.70868014268,71860.8207491082,63907.196492271105,53007.76694411414,46320.19173602854,40661.02764565993,45765.97384066587,43117.980083234244,44030.926278240186,41055.41646848989,42290.68252080857,41497.8727705113,41584.07877526754,40213.786266349576,42192.79102259215,45716.077288941735,47192.393876337694,48191.78269916765,50194.67895362664,50851.066884661115,51259.95719381688,52398.377229488695,58428.372473246134,61420.2175980975,63940.54340071343,61616.02734839476,64676.01694411414,71078.42360285376,72454.5624256837,73071.79904875148,77407.28923900118,77707.79191438764,79058.45808561238,82648.92271105827,88920.75267538647,97887.7410820452,111499.48394768132,121375.6792508918,134415.03329369798,142092.2083828775,159897.63763376934
0,3,10.037067794799805,0.4778097376227379,-0.4429407956998902,-0.2869392457776025,-0.15600154992228776,43.725679767247755,0.7667818899929609,508.84240687679085,1613.4486287351617,1132.2828489562014,8.521252087733812,False,5,0.24584048933292382,874.551724137931,875.448275862069,874.9137931034483,874.5344827586207,873.1379310344828,871.948275862069,871.2068965517242,870.448275862069,869.7068965517242,868.6724137931035,868.1724137931035,867.4655172413793,867.1724137931035,866.6379310344828,866.8103448275862,866.0862068965517,866.1034482758621,865.9137931034483,866.1379310344828,865.4310344827586,864.9310344827586,865.0172413793103,864.5344827586207,864.1206896551724,863.7241379310345,863.5,863.8448275862069,863.0,862.6724137931035,863.1379310344828,863.7068965517242,863.6724137931035,863.3448275862069,863.3103448275862,863.6206896551724,862.8965517241379,863.2413793103449,862.8620689655172,862.8620689655172,862.3448275862069,861.8448275862069,861.1034482758621,860.051724137931,858.5,858.0344827586207,857.0,91471.86801426871,115515.59215219977,107697.66498216407,102404.93846611177,106868.36028537455,112439.3593935791,103764.75029726516,98552.07491082046,83175.27615933414,73660.01337693223,64481.556480380495,68036.07639714624,63006.83234244945,60177.36890606421,53922.050237812124,52355.906361474445,49650.816884661115,48485.69946492271,47841.774078478,49765.348692033294,52910.719381688476,52479.913495838286,54630.869500594534,54731.14060642094,53218.51010701545,53297.73275862069,52110.751783590975,55962.55172413793,56742.04785969084,57475.774078477996,55271.793400713446,57735.59958382877,61039.0535077289,58545.80023781213,57056.511296076096,60797.36860879906,61282.63139120096,64086.015457788344,66549.91200951248,72028.29488703923,80893.23454221165,94371.85136741976,102719.35939357909,110833.4224137931,118899.757431629,138971.0344827586
0,3,10.151258707046509,0.5334972023963929,-0.5058555512768266,-0.3273875636077502,-0.17846798766907643,50.15010590532291,0.8762605136716497,483.1528185328185,1674.6847876447875,1174.5061003861003,7.886509023985496,False,5,0.2455946488435909,874.551724137931,876.4655172413793,876.5,876.1034482758621,875.9655172413793,875.9137931034483,875.9137931034483,875.7241379310345,876.0862068965517,875.8103448275862,876.8793103448276,876.7758620689655,877.1896551724138,877.3620689655172,877.948275862069,878.0344827586207,878.6551724137931,879.1551724137931,879.8103448275862,880.1551724137931,881.2758620689655,881.4310344827586,881.7241379310345,882.1724137931035,882.3448275862069,882.448275862069,883.1551724137931,883.5862068965517,884.2586206896551,884.7586206896551,885.5862068965517,885.551724137931,885.8103448275862,886.9655172413793,887.4137931034483,888.0689655172414,888.3793103448276,888.3103448275862,888.948275862069,889.1034482758621,888.8275862068965,888.5862068965517,888.2068965517242,887.9310344827586,887.9137931034483,887.7241379310345,91471.86801426871,107915.11087990488,94283.80172413793,86714.95481569559,86778.75743162901,88174.6649821641,86484.1822235434,87122.19976218788,74185.49256837099,68944.05023781213,59961.4164684899,61689.346313912014,56971.60196195006,55033.472354340076,51611.80766944114,50632.067776456606,48897.67419738407,48739.33799048752,46066.29161712248,46076.44143876339,45904.47562425684,44940.2107609988,43507.33769322235,43395.59096313912,43566.15695600475,42538.35077288941,40798.1655766944,44517.552913198575,44714.157253269914,45955.52794292509,45170.9322235434,48381.90249702735,52162.498513674196,52449.619500594534,52286.58739595719,54645.719381688476,55927.30439952438,59734.52437574315,62709.911117717005,70395.85136741973,79982.7288941736,96382.44946492271,107800.26753864448,123476.1331747919,129882.97532699167,155493.1652794293
0,2,10.5643816947937,0.4650648862123489,-0.6396241017982567,-0.4215643854126883,-0.21805971638556837,61.513317588789796,1.0722918557247407,487.5391513560805,1893.4075896762904,1312.4003718285214,5.631455264882062,False,5,0.2453490541947473,874.551724137931,874.8620689655172,874.7758620689655,874.7758620689655,874.6206896551724,874.5689655172414,875.1551724137931,875.7586206896551,877.4827586206897,879.0862068965517,879.8620689655172,880.5172413793103,882.3793103448276,883.6551724137931,885.1551724137931,886.2758620689655,886.9310344827586,888.1896551724138,889.3965517241379,890.9655172413793,892.448275862069,893.7758620689655,894.6724137931035,896.1724137931035,897.1206896551724,898.3103448275862,899.051724137931,899.3448275862069,900.2413793103449,901.2586206896551,901.7586206896551,902.3448275862069,902.5862068965517,903.2758620689655,903.8275862068965,904.3620689655172,904.6379310344828,904.7413793103449,904.8103448275862,904.9655172413793,905.1551724137931,905.0689655172414,904.5862068965517,904.6379310344828,904.5172413793103,904.8965517241379,91471.86801426871,102878.91200951248,87347.24286563614,79785.58769322235,80233.71819262783,84739.31420927467,81279.26902497029,77087.80380499405,70359.07728894174,66497.35463733651,59121.63614744352,56690.28418549345,53870.925089179545,56287.7431629013,54802.372473246134,56409.88941736029,56515.271105826396,55496.01575505351,53028.41171224733,54424.0677764566,58939.971462544585,61127.104934601666,63062.97889417361,63478.728894173604,61093.899227110574,61703.834720570754,60855.80766944113,64853.08799048751,65842.45897740783,68508.88139120095,67676.01070154578,70537.46730083233,75630.65636147444,76605.16527942923,78199.0737217598,83303.43787158144,86907.57580261593,89095.84690844234,94052.98127229491,103136.0677764566,112438.99316290132,131410.305588585,146730.3804994055,167096.50683709868,176402.28418549345,202900.33412604043
0,3,10.753282737731933,0.4528243064880371,-0.5219639730264829,-0.3152280431545839,-0.20673592987189893,58.327772950514216,1.015958465334362,472.4662185815305,1823.3325631870055,1235.123433452356,8.093763910267494,True,5,0.24485860143541202,874.551724137931,875.7931034482758,875.1379310344828,874.6724137931035,873.8103448275862,872.5862068965517,872.3793103448276,872.6551724137931,872.1379310344828,871.448275862069,872.0,871.8275862068965,872.1379310344828,872.3275862068965,872.6551724137931,872.2241379310345,872.448275862069,872.5,873.2758620689655,873.2931034482758,873.051724137931,873.3275862068965,872.8448275862069,872.8103448275862,873.0172413793103,873.4310344827586,873.8103448275862,873.3275862068965,873.8448275862069,873.8448275862069,874.0344827586207,873.5,872.5689655172414,872.8275862068965,872.7758620689655,872.0,872.0172413793103,872.948275862069,873.948275862069,873.9137931034483,873.7586206896551,873.0344827586207,872.6551724137931,871.4310344827586,870.9310344827586,869.8448275862069,91471.86801426871,110822.7847800238,94236.56718192628,79512.08234244946,71677.32609988109,69078.65636147444,62416.09750297265,55477.67419738407,49787.49821640903,48570.55766944114,43450.68965517241,46245.79785969084,45173.63614744352,45287.77199762189,42425.501783590975,42298.76010701546,40830.661117717005,40966.83620689655,40228.47562425684,39330.51753864447,40745.7387039239,39729.634066587394,40106.23454221166,41207.94678953626,41590.9479785969,40571.45214030915,40542.11920332937,44730.806480380495,44610.44143876338,46568.06212841854,47692.72294887039,50356.043103448275,53407.659036860874,54890.970273483945,55383.62217598098,56806.34482758621,55846.258323424496,52716.53180737218,49952.152497027346,51025.49256837097,53110.941736028544,59618.55053507729,65764.63971462546,71577.555588585,74638.4435196195,90390.85523186682
0,4,10.792673110961914,0.4239304602146149,-0.6342321155803333,-0.3656938070713475,-0.2685383085089857,75.94496712632476,1.3208078179810194,481.6659292035398,2097.463070115725,1502.013274336283,2.982445202135429,False,5,0.2446137428339766,874.551724137931,874.8793103448276,877.2931034482758,879.2931034482758,881.6896551724138,883.8103448275862,885.8965517241379,888.0862068965517,889.5689655172414,890.4827586206897,891.8965517241379,892.9310344827586,894.2413793103449,895.3103448275862,896.5862068965517,897.7586206896551,899.2068965517242,900.7241379310345,901.9310344827586,902.7241379310345,903.3103448275862,904.3103448275862,905.5689655172414,906.5,907.3965517241379,908.4655172413793,909.5689655172414,910.9310344827586,911.8275862068965,912.948275862069,914.3620689655172,915.8448275862069,917.5862068965517,918.9655172413793,920.3103448275862,921.2758620689655,922.2931034482758,922.6379310344828,923.2931034482758,924.2413793103449,924.5172413793103,925.0689655172414,925.0689655172414,925.5689655172414,925.6724137931035,926.4655172413793,91471.86801426871,94343.07164090368,81225.27615933413,70158.96581450653,62598.59334126039,61090.73989298454,59913.95481569559,60658.14774078478,57512.34869203329,55540.62901307967,50171.05826397146,47441.615933412606,44300.28656361474,44154.38644470867,42577.5873959572,43135.76932223543,41230.37098692034,40262.5790725327,38942.512485136736,39982.751486325804,41637.62782401902,41074.90368608799,43006.86593341261,44248.974137931036,46238.82550535077,47581.3177764566,48045.693519619505,54532.788347205715,57452.315101070155,62143.29042806183,62732.09304399524,66566.33799048752,73274.86325802618,75512.79191438764,75929.69678953626,77155.30321046374,79978.34512485136,80042.05856123664,82550.48305588585,86339.9072532699,90442.59453032105,102323.9262782402,109300.47800237813,117187.69351961948,122785.53061831152,137400.6281212842
0,8,10.740863609313966,0.45850029289722444,-0.495281695568123,-0.2974043250814038,-0.19787737048671925,55.6627034584273,0.9713853385939033,510.5841676201373,1722.2786756292905,1221.6676916475972,8.78984673035851,False,5,0.24436912909114264,874.551724137931,876.4827586206897,877.8448275862069,878.7931034482758,878.8103448275862,880.5,881.1551724137931,882.2413793103449,882.1896551724138,882.051724137931,881.7758620689655,882.0689655172414,882.448275862069,882.6034482758621,883.1896551724138,883.3965517241379,884.4827586206897,884.8448275862069,886.2931034482758,887.3275862068965,888.2586206896551,889.1206896551724,889.7068965517242,890.1724137931035,891.6896551724138,892.8793103448276,894.2758620689655,894.4655172413793,895.1551724137931,896.4310344827586,898.2068965517242,899.7413793103449,901.0862068965517,902.7068965517242,904.2586206896551,905.4827586206897,906.4655172413793,907.7068965517242,908.051724137931,908.5862068965517,908.8793103448276,908.8103448275862,908.2931034482758,908.1034482758621,908.1551724137931,908.2931034482758,91471.86801426871,106090.80142687277,89099.3379904875,76921.75029726514,70036.22265160523,65090.112068965514,61319.47592152199,57704.49346016646,54343.050237812124,59053.945600475636,60755.79458977408,65677.9607609988,67607.59215219977,70020.0324019025,69118.60196195004,73444.34274673008,70203.5255648038,72520.475921522,72094.34512485136,72475.87544589773,75979.64001189062,78227.20957193816,81153.27615933413,85042.72889417362,86450.45541022593,87524.17508917954,89398.88941736026,98479.90398335316,103325.8207491082,114525.45214030916,112284.47443519617,119008.19173602853,128649.56153388823,130249.0692627824,132496.81242568378,139535.11177170038,145108.11087990485,144656.86236623066,147697.39387633768,154227.34601664686,167016.00267538647,184059.5329964328,195972.5520214031,221283.8168846611,228598.40695600474,253062.89684898927
0,5,10.601383352279663,0.4224846988916397,-0.5486804444778639,-0.3432708200191534,-0.2054096244587105,57.79199312456774,1.0083515871060456,485.00862831858404,1799.5734513274335,1235.9823008849557,5.959501565534924,False,5,0.2441247599620515,874.551724137931,875.8275862068965,876.6034482758621,877.9655172413793,879.5689655172414,880.8793103448276,882.1896551724138,883.1896551724138,882.948275862069,882.551724137931,882.6551724137931,882.7068965517242,882.7068965517242,882.8275862068965,883.1034482758621,883.2586206896551,883.948275862069,884.551724137931,885.4137931034483,887.1034482758621,888.6206896551724,890.2241379310345,891.6206896551724,893.2931034482758,894.8793103448276,895.7068965517242,897.1896551724138,898.3275862068965,899.5,901.2068965517242,902.6896551724138,904.1034482758621,905.0862068965517,906.5862068965517,907.9137931034483,908.8620689655172,910.1379310344828,910.6551724137931,911.4310344827586,912.5172413793103,912.9827586206897,913.0,912.5862068965517,912.3620689655172,912.448275862069,913.0,91471.86801426871,101416.59096313914,92521.44619500595,82389.30915576695,73144.21076099882,70100.38198573128,65549.87782401901,60810.01575505351,58703.18697978597,59411.385255648034,56934.915576694424,62137.241676575504,63178.03478002379,64019.728894173604,61196.98929845423,60753.32966706302,58810.49732461355,58438.28180737219,58583.27705112961,58888.71343638525,61369.54577883472,61972.967003567195,61766.23543400713,60933.17271105826,63183.45095124852,63879.93133174792,66125.08472057074,71394.49613555292,74435.4224137931,78803.64684898932,76859.52437574315,82799.78240190248,89555.35463733651,92197.17360285374,93203.45808561236,98579.60166468492,103311.04994054697,100944.3638525565,101690.21076099882,106608.14625445899,112845.01694411415,127831.31034482758,136688.03567181926,150643.88614744353,158530.4542211653,178299.6896551724
0,3,10.52726674079895,0.4825634002685547,-0.4932030341496379,-0.31391492565036083,-0.1792881084992771,50.408201667123556,0.8807205357768036,471.037900128041,1711.0898847631242,1139.0099871959028,4.199607210628464,False,5,0.24388063520208944,874.551724137931,875.2931034482758,875.3448275862069,875.8448275862069,876.1379310344828,877.051724137931,878.2758620689655,879.1896551724138,879.3103448275862,879.1724137931035,879.3103448275862,879.1724137931035,878.9655172413793,878.5172413793103,878.5,878.2758620689655,878.551724137931,878.9310344827586,879.2241379310345,881.0862068965517,883.3965517241379,885.448275862069,887.2068965517242,888.8793103448276,889.9655172413793,891.2413793103449,892.2413793103449,893.9827586206897,895.4310344827586,896.9310344827586,898.551724137931,899.5172413793103,900.051724137931,901.3448275862069,902.7931034482758,904.1896551724138,905.3793103448276,906.2241379310345,906.7586206896551,907.2413793103449,906.9655172413793,906.8965517241379,906.6206896551724,906.4310344827586,906.3275862068965,906.1551724137931,91471.86801426871,104552.62098692032,89502.29488703923,73355.54488703923,63435.15338882283,58290.15249702736,52810.85493460166,51086.53299643281,51049.007134363856,54106.45303210463,54621.11058263972,57971.62544589774,59513.722948870396,59493.077288941735,53710.28448275862,52284.71700356717,49445.76456599287,49366.71938168846,49154.55321046374,47446.216706302024,48630.65309155766,47745.31629013081,44709.06064209274,42874.38198573128,41844.30915576694,41405.321046373356,41072.63139120095,43050.4307372176,44110.38317479192,45084.684898929845,43587.385255648034,45853.90487514863,48254.80766944114,48218.26040428063,48780.47443519619,50436.22265160523,51544.16646848991,52442.44976218787,53266.49346016647,57248.2175980975,62334.92984542212,71877.19619500595,78185.95957193816,85222.79696789538,89539.35820451843,101571.44143876337
0,2,10.683554124832153,0.4699945315718651,-0.4895303614268221,-0.2933771019736469,-0.1961532594531752,55.538841974675,0.9682887928955609,487.4823943661972,1810.612089201878,1231.3872065727699,5.342540065248803,True,5,0.24339311781232045,874.551724137931,875.448275862069,875.4827586206897,875.4655172413793,875.3275862068965,875.9827586206897,876.2241379310345,876.948275862069,877.3275862068965,876.9655172413793,877.3793103448276,877.948275862069,877.8448275862069,878.4827586206897,879.7758620689655,880.5344827586207,881.8448275862069,883.1206896551724,884.1551724137931,884.4827586206897,885.5689655172414,886.7068965517242,887.948275862069,888.9310344827586,889.7931034482758,891.2586206896551,892.8793103448276,893.6896551724138,894.6551724137931,896.2586206896551,897.948275862069,898.8793103448276,900.2931034482758,901.8965517241379,903.1896551724138,904.3965517241379,906.0,908.0689655172414,909.3793103448276,910.551724137931,911.5344827586207,913.3103448275862,912.9827586206897,913.2413793103449,913.1896551724138,913.6896551724138,91471.86801426871,105630.55766944113,93348.97384066586,87012.90398335314,88516.94441141498,92358.32728894174,85349.65665873961,81076.35939357909,71593.4616527943,64761.2401902497,57932.338882282995,58097.53180737218,56533.3035077289,56341.97384066586,54552.86355529131,56778.17984542211,56425.47592152199,58422.485434007125,57692.579369797866,59887.62901307967,64981.52110582639,65655.10374554104,66259.60077288942,70559.58145065398,72536.23305588587,74740.84690844234,75396.03715814507,81966.07609988107,88595.98454221165,94909.26070154579,97979.63525564803,107069.14060642091,116212.27615933413,123972.47205707492,129549.7398929845,134363.82550535077,137899.55172413794,136420.65041617127,137895.61474435194,143831.00594530322,149861.76605231868,164427.90368608796,173316.53418549342,190938.5624256837,198183.01575505355,216283.31747919135
0,3,10.6519061088562,0.4303649187088013,-0.4292704601516718,-0.2604419459062956,-0.16882851424537626,47.58890224568786,0.8324863598277806,477.7784803969258,1694.785484969355,1115.5290397898627,7.409999555980208,False,5,0.24314972469450813,874.551724137931,876.0172413793103,876.2586206896551,876.0,876.2931034482758,876.6379310344828,877.0862068965517,877.2931034482758,877.3620689655172,877.2413793103449,877.2586206896551,877.4655172413793,877.6551724137931,878.0689655172414,878.7068965517242,878.7758620689655,879.551724137931,879.8965517241379,880.6034482758621,880.8103448275862,880.9827586206897,881.051724137931,880.948275862069,880.9827586206897,881.2931034482758,881.7241379310345,882.8103448275862,883.2931034482758,884.7413793103449,884.9827586206897,885.3275862068965,885.6896551724138,885.5862068965517,886.1896551724138,886.7586206896551,887.1379310344828,887.551724137931,887.6034482758621,888.2758620689655,888.3620689655172,888.2758620689655,888.4827586206897,888.1379310344828,888.1896551724138,888.2586206896551,888.6724137931035,91471.86801426871,105889.9134958383,95208.70897740788,91885.20689655172,96159.17271105824,96966.78269916767,91866.56153388822,87058.5865041617,75973.95511296077,71210.25208085612,61467.088287752675,63741.55915576695,59042.05350772889,60167.27110582639,53997.793400713424,53901.104934601666,51866.17835909631,51724.989298454224,50487.997919143876,50426.77437574316,53092.49970273484,53451.39387633768,54610.290428061846,56045.01694411415,56114.689952437584,57011.09631391202,57767.77437574317,61479.37960761,64337.088287752675,68077.39625445896,68323.4616527943,73807.7312722949,80428.62187871581,81548.01575505351,84380.18311533889,86828.18787158145,90101.6956004756,88092.75653983354,88880.99286563614,94508.74821640903,100505.54458977404,111762.38763376931,118529.29131985732,131525.877824019,138317.60552913198,152518.35820451844
0,6,10.697192287445068,0.4481965973973274,-0.4540787041882861,-0.27341678493163596,-0.18066191925665015,50.85659583870841,0.8887724459617791,472.2935483870968,1729.1466434176111,1149.9199651264166,8.424614478596439,False,5,0.24290657496981363,874.551724137931,874.7413793103449,874.1206896551724,873.7241379310345,872.7413793103449,871.4137931034483,870.7586206896551,870.2758620689655,869.6896551724138,868.6724137931035,868.2931034482758,867.9655172413793,868.3275862068965,868.5,869.1551724137931,869.2758620689655,869.7241379310345,870.4137931034483,870.5344827586207,870.8620689655172,871.4655172413793,872.2758620689655,872.6724137931035,873.1034482758621,873.5862068965517,874.051724137931,874.5862068965517,874.6551724137931,874.6206896551724,873.8965517241379,874.1034482758621,873.3103448275862,873.0862068965517,872.6206896551724,872.1034482758621,871.8965517241379,871.8103448275862,872.1724137931035,872.2586206896551,871.9137931034483,871.0,869.8620689655172,868.9655172413793,867.9655172413793,867.6724137931035,866.7931034482758,91471.86801426871,108445.91587395956,98964.34750297264,93018.95838287754,98060.43311533888,105964.7942925089,103208.56242568369,98159.7514863258,84706.69678953626,75672.70303210463,62544.758917954816,65428.274673008316,57797.73751486326,53073.93965517241,45219.303507728895,41904.37217598098,38555.06183115339,35321.7598097503,33577.90398335315,32192.08442330559,32370.90398335315,31198.854934601666,30554.185790725325,31355.85136741974,29954.690844233057,29659.186979785973,28156.44946492271,30540.363852556482,30642.752675386444,32808.43757431629,32683.472057074912,36058.80023781213,42752.320154577894,43784.99405469678,44348.19619500595,46979.541022592144,46793.60196195006,44417.384066587394,45320.1227705113,48514.49256837097,53513.89655172414,64208.39476813317,72877.5850178359,84327.86087990488,87943.8064803805,102611.37098692033
0,21,10.908519172668457,0.4706115901470184,-0.6128546880815204,-0.4136686598913773,-0.19918602819014294,56.03833392892845,0.9791851834754607,555.125295043273,1886.263178599528,1324.7517046944663,9.843869873779342,False,5,0.24266366839484382,874.551724137931,877.6206896551724,878.2931034482758,878.8103448275862,879.4137931034483,881.2586206896551,882.1379310344828,883.6034482758621,884.2586206896551,884.9655172413793,885.6724137931035,886.1551724137931,887.1379310344828,887.4310344827586,888.6551724137931,889.7068965517242,890.7931034482758,891.6206896551724,893.0172413793103,894.551724137931,896.5172413793103,898.1896551724138,899.448275862069,901.2241379310345,902.3793103448276,903.4310344827586,904.5,906.0344827586207,906.9137931034483,907.7758620689655,908.2758620689655,909.3103448275862,910.1724137931035,911.0344827586207,911.6896551724138,912.1551724137931,912.9827586206897,913.3275862068965,913.7241379310345,914.5172413793103,915.0344827586207,916.3965517241379,916.2068965517242,916.6551724137931,916.948275862069,918.1724137931035,91471.86801426871,124519.61474435196,115376.37960760998,106011.56747919145,118217.38049940547,131277.95035671818,125839.70511296076,118261.0324019025,94387.50208085614,86731.17122473246,71111.73751486326,76896.5104042806,67118.39476813318,62959.8659334126,54024.122473246134,53831.20719381689,50012.85374554102,50668.959571938176,49607.94797859691,52572.69560047562,56198.146254458974,57490.56747919144,59293.90249702735,60916.760107015485,62391.82164090369,63510.45214030915,65882.66379310345,71052.2401902497,73637.38912009512,78529.89803804994,83964.82045184304,91810.42092746729,103459.48751486324,102924.2401902497,102629.38644470868,106765.54488703923,109421.67211652795,104795.87544589773,102593.51010701546,103907.14625445896,110342.06777645662,122400.34274673008,130577.09512485139,151641.08799048752,157175.98008323426,177034.41854934604
0,3,11.072057485580444,0.46462583392858503,-0.6433339627362757,-0.39502846779371165,-0.24830549494256407,70.18040321518576,1.2212422298467247,480.1695972773681,1983.2348269994327,1399.7156362261296,6.119149631186652,False,5,0.24242100472644898,874.551724137931,876.7758620689655,877.7241379310345,878.3793103448276,879.3448275862069,881.2413793103449,882.448275862069,884.0862068965517,885.4137931034483,887.1206896551724,888.1896551724138,889.0,890.7413793103449,892.9655172413793,894.0689655172414,896.0344827586207,897.1896551724138,898.8448275862069,900.5,902.6206896551724,905.0862068965517,906.6379310344828,908.5862068965517,909.6206896551724,911.7068965517242,913.5,915.4137931034483,917.1379310344828,918.6896551724138,919.5689655172414,920.1034482758621,921.0,921.9137931034483,922.9827586206897,924.051724137931,924.7413793103449,925.5344827586207,925.9137931034483,926.5,927.1206896551724,927.7413793103449,928.9310344827586,928.9827586206897,929.3793103448276,929.6034482758621,930.6379310344828,91471.86801426871,110163.96700356717,91719.82045184304,78790.338882283,77300.84661117718,80708.01070154578,76082.28180737219,70644.59601664684,60444.82877526754,55402.278537455415,47890.843341260406,47696.34482758621,44029.674494649225,43745.2401902497,41024.30558858501,40484.92984542212,40719.670927467305,39851.303507728895,38227.80172413793,38626.47681331749,40857.630499405466,42154.78269916766,42187.483947681336,41016.37336504162,42034.93133174792,42087.043103448275,41970.725326991684,45564.877526753866,48495.52437574317,51343.03834720571,51417.989298454224,54449.41379310345,58122.940844233046,58345.53418549345,58791.18697978596,58666.4675980975,59807.800535077295,59823.11325802616,61128.76724137931,65602.07164090368,70791.05380499407,79276.20214030916,84611.0859096314,94194.89060642093,98211.96343638527,109456.33442330558
0,22,11.100292682647705,0.4358744710683823,-0.6042406127129544,-0.36267164890110476,-0.24156896381184959,68.22042523321882,1.1870174707354815,483.3416187094404,1962.5218562507653,1371.411534223093,4.963037683760591,True,5,0.2419364051380008,874.551724137931,875.2068965517242,875.7068965517242,876.7068965517242,877.5172413793103,878.5,880.1206896551724,881.6379310344828,883.4137931034483,884.5689655172414,886.2758620689655,887.4310344827586,888.6206896551724,889.6724137931035,891.3965517241379,892.8448275862069,894.7758620689655,896.2241379310345,897.7068965517242,898.9655172413793,899.8448275862069,900.6551724137931,901.6724137931035,903.1034482758621,903.8448275862069,905.3620689655172,906.2931034482758,906.6034482758621,907.4655172413793,908.1206896551724,909.1896551724138,910.1379310344828,910.6206896551724,911.1896551724138,911.948275862069,912.3620689655172,913.4655172413793,915.1034482758621,915.7241379310345,916.3275862068965,916.7068965517242,917.5,917.8793103448276,917.6206896551724,917.4827586206897,917.0344827586207,91471.86801426871,101151.54340071345,86484.55202140308,72947.96581450653,65916.73246135552,64700.90517241379,62950.55439952438,63615.6792508918,58807.03567181926,55334.314209274664,49824.648038049934,48936.27972651605,49573.40784780024,49581.73751486326,45813.79102259216,46742.648335315105,45520.070451843036,45083.03596908443,43316.10374554102,44344.17122473246,46745.51040428062,47476.91557669441,48020.77199762188,48475.09274673009,49479.33799048752,50007.67925089179,51416.793400713446,55474.894470868014,57473.69708680144,62653.31302021403,61941.22265160523,63749.15338882283,70658.85612366229,73194.6709274673,75293.8421521998,78767.024078478,80444.38674197384,79808.71343638527,83418.13079667062,88038.39268727707,95972.0347800238,110046.04310344828,119055.76129607612,133633.4078478002,139280.31866825206,157530.92984542216
0,13,11.119309234619141,0.44493971168994906,-0.6076487380732161,-0.35795861105021437,-0.24969012702300172,70.35043071817948,1.2243550260773066,490.3174075059888,1954.6913760979505,1395.3699760447166,4.633165621886842,False,5,0.2416944687328628,874.551724137931,875.1034482758621,877.1724137931035,879.5,881.7068965517242,883.551724137931,885.6724137931035,887.4310344827586,888.0,888.5862068965517,888.8103448275862,889.1724137931035,889.6206896551724,890.4655172413793,891.0,891.8103448275862,892.5689655172414,892.9827586206897,893.7241379310345,894.5172413793103,895.8275862068965,896.3965517241379,897.0862068965517,897.8275862068965,898.2586206896551,898.7413793103449,899.7241379310345,900.6379310344828,901.551724137931,902.2241379310345,902.7586206896551,904.1724137931035,905.5862068965517,907.2241379310345,908.2241379310345,909.3103448275862,910.051724137931,911.448275862069,911.5344827586207,913.2758620689655,913.7931034482758,914.4310344827586,914.3448275862069,914.3103448275862,914.6379310344828,915.1379310344828,91471.86801426871,97050.05826397147,87520.52199762188,81761.35344827586,81582.13822829966,84193.55766944113,83665.9788941736,88285.8659334126,81197.1724137931,76543.51843043996,71655.63644470867,69645.9013079667,67332.30439952438,67650.21432818074,65739.0,65479.3260998811,63236.2107609988,63214.223840665865,62649.51010701547,62613.90487514863,66708.31510107015,69040.41171224733,68827.97532699168,71276.93579072533,74612.57104637337,77020.39863258025,77723.75148632581,86218.57580261595,91273.69560047564,99368.6566587396,104046.76932223543,112377.76337693226,121442.38049940548,126865.96700356719,130979.62217598099,135344.00713436387,140506.63525564803,139326.4542211653,143363.38674197384,149751.13079667062,158268.88822829968,175637.17627824022,183713.2604042806,198415.14506539833,205380.748216409,223479.84304399518
0,13,11.000455951690673,0.45187051594257355,-0.5264103424588666,-0.31121093239430564,-0.21519941006456103,60.50684105569662,1.0555617298686293,472.03936921041026,1802.302492280547,1238.9006396118218,5.489568153474714,False,5,0.24145277426412992,874.551724137931,874.8793103448276,877.3103448275862,879.7241379310345,881.0862068965517,883.5172413793103,886.2413793103449,888.1896551724138,887.7931034482758,887.1379310344828,887.1724137931035,886.8103448275862,887.1724137931035,886.9655172413793,887.051724137931,887.2068965517242,887.8620689655172,887.8103448275862,887.8620689655172,887.8103448275862,888.1206896551724,888.4310344827586,888.8448275862069,889.3448275862069,889.7241379310345,890.2586206896551,890.8103448275862,890.6551724137931,891.0344827586207,892.1379310344828,893.2241379310345,894.1034482758621,895.1896551724138,896.4137931034483,897.5689655172414,897.551724137931,898.4137931034483,900.0689655172414,901.5689655172414,903.2068965517242,904.3103448275862,903.8103448275862,903.1034482758621,903.2758620689655,903.1379310344828,903.0172413793103,91471.86801426871,97796.14060642091,90381.69678953628,88815.68252080856,86309.11325802616,92301.56004756242,92625.14863258027,94165.11920332938,81350.9916765755,76491.6016646849,69481.41854934601,69318.18816884661,65232.76337693223,63995.86087990488,57965.94560047562,57540.23305588586,53474.877526753866,52870.532996432805,49508.4292508918,47991.084720570754,51270.519916765756,49973.6935196195,49107.337990487504,48699.81212841855,47577.61355529131,47465.53656361475,46525.084720570754,54761.84661117717,54756.86087990488,55517.01545778835,49663.8290725327,50043.161712247325,50687.670927467305,48610.518430439944,49359.31420927467,51491.385255648034,53411.725326991684,52082.47800237812,51611.14179548157,50971.646848989294,53542.76575505351,62505.4985136742,65574.4720570749,71154.44114149822,73763.46373365041,84630.60315101071
0,7,11.1383638381958,0.5035242587327957,-0.5991307290684453,-0.38787322364060606,-0.21125750542783925,59.33244510223958,1.0356743647878408,489.98511904761904,1761.051282051282,1233.4375,6.259024086086331,False,5,0.2412113214898658,874.551724137931,875.9137931034483,879.1379310344828,882.0689655172414,884.7931034482758,888.2068965517242,890.6896551724138,892.4137931034483,892.7413793103449,892.7068965517242,892.948275862069,893.1206896551724,893.6379310344828,893.9137931034483,894.3448275862069,894.8275862068965,895.0172413793103,895.2931034482758,895.5172413793103,895.8103448275862,896.4137931034483,896.7413793103449,896.8103448275862,897.7931034482758,898.2413793103449,898.5862068965517,898.8965517241379,899.7068965517242,900.4137931034483,900.9827586206897,901.3793103448276,902.0,903.1379310344828,904.2068965517242,905.2068965517242,905.7241379310345,906.7241379310345,908.4310344827586,908.6724137931035,909.3275862068965,909.6896551724138,910.2931034482758,910.2586206896551,910.4137931034483,910.8103448275862,911.4655172413793,91471.86801426871,96720.11325802618,94456.36028537458,89824.34007134363,90436.3365041617,94284.78478002378,94334.35196195006,94128.72532699168,84644.81242568372,84079.34512485139,83450.60077288943,89182.45095124851,90968.88614744353,92600.04429250892,88808.9155766944,93407.48751486326,90011.7755648038,89015.34512485134,87056.42211652793,86488.29161712246,92833.9322235434,90641.8124256837,90407.63644470867,87117.26753864449,84772.11414982165,82475.07015457787,82091.19619500593,89466.0692627824,88452.9322235434,87083.74108204519,78348.95957193816,78307.96551724138,84063.98097502973,82991.61236623068,83140.40546967897,86130.2342449465,89221.95838287754,87783.83145065399,88107.42717003568,90293.80648038049,93950.90368608799,105765.34512485136,109698.88139120095,115875.89774078479,119552.08472057075,134832.28329369798
0,9,11.229135131835937,0.5766440138220787,-0.6271716578120202,-0.42284599106366116,-0.204325666748359,57.26955228040854,1.0010444034967796,495.93547008547006,1804.024358974359,1252.1847863247863,9.486001489744671,False,5,0.24097011016837594,874.551724137931,875.7413793103449,877.9310344827586,880.1206896551724,881.9137931034483,883.8275862068965,886.1034482758621,887.7413793103449,887.3965517241379,886.448275862069,886.1034482758621,885.8965517241379,885.3103448275862,884.7068965517242,884.4655172413793,884.1551724137931,884.2413793103449,883.9310344827586,883.7586206896551,883.5172413793103,883.0862068965517,883.448275862069,883.6206896551724,884.2758620689655,884.448275862069,884.5344827586207,884.6034482758621,884.551724137931,884.8275862068965,885.6551724137931,886.8103448275862,887.2931034482758,887.9137931034483,889.1551724137931,890.1034482758621,891.2413793103449,892.0172413793103,894.448275862069,895.9827586206897,896.948275862069,896.448275862069,895.7758620689655,895.1896551724138,894.8620689655172,894.8965517241379,894.1551724137931,91471.86801426871,104421.7779429251,96045.0986920333,89191.83026159335,88485.90636147445,91857.14268727705,91440.60998810938,92363.43311533889,91065.75653983351,99919.28180737217,105100.644470868,121649.23067776457,123137.11058263973,130195.03478002377,126037.35225921523,130433.54488703924,125962.66587395956,124710.92627824018,121013.90725326989,109729.42211652795,106878.3546373365,99662.73008323424,93988.47681331747,89284.64803804996,85670.1438763377,82936.45570749107,80607.79102259217,88030.55766944113,87780.93579072533,82829.225921522,74854.18816884662,72000.48305588585,76269.14774078477,72773.88971462545,70900.9548156956,70745.73483947682,69952.49970273484,69934.35077288942,69643.18935790725,72195.77318668252,76851.48870392391,87118.03596908442,93779.05023781212,105278.70511296077,108294.81688466111,123970.88971462546
0,1,11.14671711921692,0.5644020214676857,-0.38937517347557216,-0.22953608658206834,-0.15983908689350382,44.9075781124309,0.7866994398244881,467.3635343968096,1663.3099451645064,1076.8383599202393,4.712479448209969,True,5,0.24048841091814935,874.551724137931,874.7413793103449,874.5689655172414,874.5,873.7931034482758,873.1724137931035,872.8793103448276,873.0862068965517,872.948275862069,872.2586206896551,872.1551724137931,872.0,871.6724137931035,872.0,872.6551724137931,872.3620689655172,872.3275862068965,872.2931034482758,872.551724137931,872.8448275862069,872.8448275862069,873.2931034482758,873.3103448275862,873.7586206896551,873.9827586206897,874.0862068965517,874.3793103448276,874.3448275862069,874.3275862068965,874.5689655172414,874.7586206896551,875.051724137931,875.4827586206897,876.1379310344828,876.6034482758621,877.3965517241379,877.7931034482758,878.2068965517242,878.7068965517242,879.2241379310345,878.7931034482758,878.2068965517242,877.6206896551724,877.2241379310345,877.0862068965517,876.6724137931035,91471.86801426871,101723.50208085614,89207.52110582638,83082.28448275862,81887.54340071345,82895.0737217598,79201.72681331747,72797.11325802616,63412.014565992875,60451.22621878716,55129.02764565993,56753.206896551725,52224.01337693222,47339.724137931036,42225.36385255648,39752.57580261593,35355.59958382878,33538.0692627824,33630.10939357908,32577.131093935786,34428.33799048752,32157.44857312723,31345.248513674203,30457.56242568371,29153.396254458974,28596.3546373365,28644.925089179545,31161.984542211656,30225.56510107016,30547.934898929852,27931.045184304396,29651.911117717,32340.525564803804,32447.670630202138,32768.653091557666,31754.10136741974,32627.30202140309,32933.30202140309,32804.72443519619,34169.44976218787,36067.95719381689,42873.95719381688,48423.9940546968,53898.48424494649,55515.90636147443,67228.1168252081
0,1,11.190529346466064,0.47017850130796435,-0.49055114824087787,-0.30237052158329414,-0.18818062665758378,53.06785056301959,0.9267398727570201,490.90760106133916,1736.4584048696738,1219.0192757921025,7.984850289690007,False,5,0.2402479225072312,874.551724137931,876.7241379310345,877.1206896551724,877.2758620689655,877.2413793103449,877.4827586206897,877.7068965517242,877.7758620689655,877.8793103448276,877.8103448275862,878.1034482758621,878.3103448275862,878.8620689655172,879.1034482758621,879.5862068965517,879.4827586206897,880.1379310344828,880.9827586206897,881.5172413793103,882.2068965517242,883.0172413793103,883.051724137931,883.4310344827586,884.6206896551724,885.6379310344828,886.7931034482758,887.7758620689655,888.5172413793103,889.948275862069,891.2413793103449,891.9655172413793,893.4827586206897,894.7758620689655,896.4827586206897,897.2241379310345,897.6551724137931,899.1724137931035,900.0344827586207,901.2758620689655,902.2241379310345,903.1896551724138,903.2413793103449,902.7931034482758,902.6206896551724,902.948275862069,903.0862068965517,91471.86801426871,107395.40665873961,95675.62336504161,91532.33769322236,95882.2175980975,104601.6634958383,99583.34512485139,94460.93252080856,84464.4164684899,81710.3260998811,73424.0927467301,80533.31747919145,75886.22235434008,72224.4375743163,66111.41498216409,65884.80142687277,59875.015457788344,57826.01694411415,54057.35315101069,52721.06064209275,52737.84453032104,52710.980083234244,52255.831450653975,50976.511296076096,51078.12752675387,50850.508917954816,52031.484244946485,56700.353151010706,56848.63525564804,61803.04518430441,59919.550535077295,62142.21521997622,66676.6566587396,68434.07728894173,71072.93252080856,74047.60523186684,76618.97027348395,75743.2401902497,74997.7514863258,75822.20838287754,80103.0157550535,88203.04518430441,93917.8192627824,103091.40784780025,107120.56629013081,121514.14774078477
0,2,11.393528699874878,0.42646326273679735,-0.5735608792879571,-0.319535984201119,-0.25402489508683807,72.13016510936858,1.2535126632792342,480.453667449752,1941.6166362133472,1433.0461150265378,6.522046579381839,False,5,0.24000767458472397,874.551724137931,876.0689655172414,876.1896551724138,876.3965517241379,876.6034482758621,876.8275862068965,877.2413793103449,877.8965517241379,878.2586206896551,878.3103448275862,879.3103448275862,879.551724137931,880.4137931034483,881.2758620689655,882.7241379310345,883.8275862068965,884.9655172413793,886.3275862068965,887.2413793103449,888.2586206896551,888.6206896551724,889.7413793103449,890.8448275862069,892.2068965517242,893.2931034482758,894.2758620689655,894.6724137931035,896.0862068965517,897.2931034482758,898.7586206896551,900.0172413793103,901.6724137931035,902.9827586206897,904.9827586206897,906.6896551724138,908.4827586206897,910.2758620689655,911.7931034482758,913.6034482758621,914.5172413793103,915.0862068965517,915.2241379310345,914.7758620689655,914.7241379310345,914.7241379310345,915.1034482758621,91471.86801426871,104001.85731272293,84977.84334126042,72854.3772294887,68672.75653983353,67286.79785969085,62167.321046373356,57302.64447086801,48276.19173602854,42913.28299643281,39649.31747919143,40495.69560047562,40661.518430439944,42414.85493460166,40429.47562425683,42131.17717003568,38438.033293697976,38742.151307966706,38436.2175980975,37682.088287752675,39855.78715814506,40030.32966706302,41230.82074910821,40094.23305588585,42362.31064209275,43496.854934601666,46254.35820451843,50173.76843043994,52852.51753864447,57212.07966706302,58996.46521997622,64152.04785969084,68114.15487514864,69758.18935790725,70075.28299643283,72446.90487514864,70752.37217598097,68762.92271105827,68927.7220570749,70121.38763376934,71398.35463733651,79269.10493460167,82758.20838287752,92205.13079667064,96784.82045184306,107179.74791914389
0,3,11.56864275932312,0.3991911545395851,-0.649833766930535,-0.3684895408126114,-0.2813442261179237,80.04154970904625,1.3899296004764938,490.7595010491956,2097.9302867801352,1506.2978549778504,5.242655260142357,False,5,0.23976766691013923,874.551724137931,875.7758620689655,876.6034482758621,877.4310344827586,878.4137931034483,880.0,882.0689655172414,883.5344827586207,884.9655172413793,886.4655172413793,887.7068965517242,888.5862068965517,890.1034482758621,891.6896551724138,892.9310344827586,894.2241379310345,895.1896551724138,896.0689655172414,896.8448275862069,897.3103448275862,897.7586206896551,898.4655172413793,898.8620689655172,899.1379310344828,899.3103448275862,899.7241379310345,900.4655172413793,901.2758620689655,901.8620689655172,903.7758620689655,904.9827586206897,906.7758620689655,908.7241379310345,910.5344827586207,912.7241379310345,914.0689655172414,915.6206896551724,917.2758620689655,919.1724137931035,920.6551724137931,921.1379310344828,921.6724137931035,921.3103448275862,921.3275862068965,921.4655172413793,922.0344827586207,91471.86801426871,102329.44976218787,83213.92895362663,68254.34869203331,59246.449464922705,59692.06896551724,56775.719381688476,55918.24881093936,53121.99881093936,54068.1453626635,50040.414090368606,48974.89774078478,52414.09274673007,55148.31747919144,54434.960760998816,55671.346313912014,54953.946789536254,56241.098692033294,55937.47592152198,55687.179548156964,58873.07966706302,61669.93846611179,63889.946492271105,66011.9464922711,67662.00713436386,70656.13079667062,73298.28329369797,78847.51010701546,84842.04994054697,93730.58769322235,96810.63763376931,103505.41527942925,114099.64803804996,120335.1453626635,125657.51010701548,133588.37455410225,139606.6837098692,141959.78596908442,142314.0392390012,145580.88109393578,152644.9464922711,163112.22027348395,167343.45541022593,181834.94441141497,188863.73156956,205371.96432818077
0,3,11.65202612876892,0.39363403990864754,-0.5912433806692419,-0.3578238380915159,-0.23341954257772593,66.35302431607388,1.1553446970742636,481.5155985489722,1920.1836759371222,1331.359129383313,4.93628548504195,False,5,0.2395278992432291,874.551724137931,876.3620689655172,878.6379310344828,880.8965517241379,883.8793103448276,887.6551724137931,891.051724137931,894.3448275862069,895.5172413793103,897.3448275862069,899.0689655172414,900.8275862068965,903.0344827586207,904.5344827586207,905.6379310344828,907.551724137931,908.2241379310345,909.5862068965517,910.5344827586207,911.5344827586207,912.6896551724138,913.3103448275862,914.0,914.8275862068965,915.6206896551724,916.4310344827586,917.7068965517242,919.0,920.0172413793103,921.9137931034483,922.4137931034483,923.7241379310345,925.1724137931035,926.4655172413793,928.0689655172414,929.0689655172414,930.3448275862069,932.0862068965517,933.6379310344828,934.7931034482758,935.3275862068965,936.7586206896551,937.0862068965517,937.7586206896551,938.3448275862069,940.1896551724138,91471.86801426871,98785.12752675386,88131.88614744353,76791.33412604044,71041.9337098692,72228.63971462543,72306.22146254459,74215.22592152201,66240.1807372176,60792.398335315105,54650.09869203329,50071.41854934602,50129.79191438763,51523.524673008316,49653.162009512474,50555.55766944114,49856.58769322235,49688.725326991684,47075.283293697976,45824.835017835896,48343.97265160523,48824.662306777645,49069.10344827586,48779.039239001184,50140.78715814506,51533.83145065398,53781.552021403084,57482.206896551725,58589.87901307967,59991.56153388823,58552.75980975029,61076.51010701546,65026.97027348395,64938.386741973845,66291.40903686089,69331.13317479192,70558.9155766944,71176.28567181926,71172.1620095125,73928.37098692032,75771.1168252081,84669.7003567182,89269.04429250892,95709.80380499405,100537.84661117717,111220.94678953628
0,3,11.513288879394532,0.3975826881825924,-0.4954740946704619,-0.27661943675685885,-0.21885465791360303,61.62873104257399,1.0741047514468807,494.7001000857878,1829.028167000286,1320.3074063482986,8.08384155904775,True,5,0.23904908297264188,874.551724137931,877.1551724137931,877.9137931034483,878.5689655172414,879.448275862069,881.4655172413793,882.5,883.6206896551724,884.1379310344828,884.5862068965517,885.2413793103449,886.2068965517242,886.8448275862069,887.8965517241379,888.1379310344828,888.7413793103449,889.2241379310345,889.8965517241379,890.5862068965517,891.2758620689655,892.1724137931035,893.1896551724138,894.1551724137931,894.8275862068965,896.2586206896551,896.7413793103449,897.9827586206897,898.8793103448276,899.448275862069,900.6206896551724,901.1551724137931,902.3103448275862,903.2241379310345,904.7586206896551,905.7413793103449,906.6034482758621,907.2758620689655,908.448275862069,909.0172413793103,909.6206896551724,910.2586206896551,911.5,911.6724137931035,911.9827586206897,912.6206896551724,913.6896551724138,91471.86801426871,111775.06212841856,92750.73394768135,74636.10731272295,69165.41973840666,69703.38674197384,65670.7327586207,60769.9940546968,54191.2568370987,51439.72532699167,47487.73483947681,53601.92271105827,50616.40695600476,48974.88585017836,46003.360285374554,47788.433115338885,44845.76010701545,43906.816884661115,42329.86325802616,42586.751486325804,46472.93579072533,45871.22265160524,45801.71730083235,46852.28061831153,45868.19173602854,45807.674494649225,47434.67211652795,52254.14060642094,54776.04042806183,58667.8561236623,58174.85523186684,61859.93816884661,67785.38079667064,67935.42449464923,68397.22621878715,71347.96343638525,75230.16527942925,73412.0059453032,74613.39625445899,78191.44233055884,83051.36414982165,94044.97413793103,105127.59958382879,121217.7755648038,128053.7181926278,147146.627824019
0,2,11.340802764892578,0.39817932844161985,-0.4852287510873055,-0.2779990318274822,-0.20722971925982325,58.28118127118703,1.0161302705722237,464.53241635113204,1829.3447956108491,1235.6030445869717,7.711779751606992,False,5,0.23881003388966923,874.551724137931,875.8620689655172,875.4827586206897,875.1379310344828,874.1379310344828,873.5862068965517,873.3793103448276,873.2758620689655,873.1206896551724,872.3103448275862,872.3275862068965,871.7586206896551,871.8965517241379,871.448275862069,872.3448275862069,872.6034482758621,872.7758620689655,872.7068965517242,873.2931034482758,873.5172413793103,874.0,874.3965517241379,874.9310344827586,875.8103448275862,876.3965517241379,876.8620689655172,877.6034482758621,877.551724137931,877.3103448275862,876.8275862068965,876.948275862069,876.5344827586207,875.3275862068965,875.2413793103449,875.0,874.1896551724138,873.8103448275862,874.3965517241379,874.8103448275862,874.3275862068965,873.7413793103449,872.6206896551724,871.5689655172414,870.6206896551724,870.5172413793103,869.6551724137931,91471.86801426871,112248.70511296077,92555.62901307966,75906.7395957194,67436.42925089179,61439.86325802617,54267.13198573127,47301.82045184304,40202.1061236623,39371.35196195006,35581.59958382877,38889.8727705113,36731.60998810939,35223.833531510114,30284.156956004757,29454.722057074912,26827.51872770511,26150.58650416171,24194.724435196193,24272.24970273484,25203.137931034482,24791.791022592155,25422.68489892984,24679.843341260403,24989.515160523188,25261.049940546967,25557.82550535078,27835.523186682523,29096.110582639718,31114.86682520809,29374.980083234248,31932.179845422113,36813.39268727706,35536.769322235436,35766.8275862069,35790.77437574317,35687.70541022592,31454.48067776456,32607.257134363856,34647.77199762188,36521.4675980975,42306.20095124852,49272.07282996433,55006.30439952437,58935.353151010706,70487.50178359095
0,7,11.308204174041748,0.38592888563871386,-0.5193668383739619,-0.3210401088884552,-0.19832672948550678,55.732391939864215,0.9718889350211427,476.41963824289405,1785.2282945736433,1194.8348837209303,5.114372748613975,False,5,0.23857122385577956,874.551724137931,875.2586206896551,875.6724137931035,875.5172413793103,875.6551724137931,875.7586206896551,876.1896551724138,876.1896551724138,876.1034482758621,875.8448275862069,875.8103448275862,875.9310344827586,876.1379310344828,876.3448275862069,876.4655172413793,876.551724137931,876.7586206896551,876.6034482758621,876.9310344827586,877.0344827586207,878.1551724137931,878.7758620689655,879.2413793103449,879.7931034482758,880.4310344827586,880.7931034482758,881.3793103448276,881.4655172413793,881.8448275862069,881.6551724137931,881.5,881.4655172413793,881.1551724137931,881.7413793103449,881.8793103448276,882.1896551724138,882.1034482758621,882.6896551724138,883.948275862069,884.1724137931035,884.0172413793103,883.7413793103449,883.2586206896551,883.1551724137931,883.1724137931035,883.2068965517242,91471.86801426871,105664.1572532699,94915.7719976219,84541.28418549347,73852.60523186682,70012.59690844233,63412.87782401902,59116.42954815696,51804.02378121284,48578.75178359095,44006.11920332937,44783.995243757425,45526.91200951249,45749.087990487526,42594.35225921522,42951.7990487515,41539.769322235436,42048.10136741973,41987.20214030916,41473.58501783591,44655.717300832344,44682.79458977408,45547.7003567182,45800.06064209274,45986.934898929845,47961.88822829964,48374.82164090368,52603.69708680142,54846.78626634958,60054.36385255648,60470.0775862069,64873.9729488704,72166.44143876337,72902.8124256837,74701.1061236623,77356.87782401903,78942.7824019025,77543.90368608799,77654.70422116529,80196.48751486326,85703.53418549348,95959.01932223544,100740.88139120095,106932.95868014269,111399.83234244946,121921.30202140311
0,2,11.20366997718811,0.4936573788523674,-0.3965888508322094,-0.24343898319533722,-0.15314986763687216,42.81113214621219,0.7506750818924279,481.7219446985155,1596.5585731372687,1080.3173854921552,8.521831380540203,False,5,0.23833265263192377,874.551724137931,876.5344827586207,877.4655172413793,877.6379310344828,877.7586206896551,878.8103448275862,878.7413793103449,879.1206896551724,879.1724137931035,878.6896551724138,878.7068965517242,878.948275862069,878.948275862069,878.8793103448276,878.7931034482758,878.6379310344828,878.6379310344828,878.8103448275862,878.7241379310345,879.7068965517242,880.4655172413793,881.5862068965517,882.1896551724138,882.6034482758621,883.4137931034483,883.5689655172414,883.551724137931,883.8965517241379,883.948275862069,884.0862068965517,884.4310344827586,884.5172413793103,884.1034482758621,884.3103448275862,884.7241379310345,884.3965517241379,884.7758620689655,885.8448275862069,886.6724137931035,887.6206896551724,887.4827586206897,887.5862068965517,886.8965517241379,886.8965517241379,886.8965517241379,886.8620689655172,91471.86801426871,107353.17984542213,93949.55915576694,80304.40338882283,67538.2175980975,63782.670927467305,53229.15725326991,44438.41646848989,40168.07372175981,42773.62782401902,45171.0692627824,53927.04904875149,55940.255945303215,59610.244054696785,57180.612366230685,58964.88614744352,57466.64476813317,55512.08472057075,54442.06183115339,48936.5520214031,50477.24881093936,47009.62187871581,45464.18816884662,43738.68757431629,41792.86325802616,41550.41765755053,41534.07491082046,46693.02378121285,49542.35939357908,56676.38912009511,60135.62455410225,66018.42211652793,77818.02378121286,77093.66230677764,76875.99286563616,85305.79102259214,86416.10493460168,79350.68281807372,78043.94441141498,78653.71819262781,84140.59453032105,93626.27705112963,101094.0927467301,115016.88585017837,115535.67895362664,128437.01545778834
